22 23 41 13
0.125 0.528 0.208 0.139
BCC_B2
300.000 308.000 318.000 328.000 338.000 348.000 358.000 368.000 378.000 388.000 398.000 408.000 410.000 412.000 422.000 432.000 442.000 452.000 462.000 472.000 482.000 484.818 486.000 488.000 490.000 492.000 494.000 496.000 498.000 500.000 502.000 504.000 506.000 508.000 510.000 512.000 514.000 516.000 518.000 520.000 522.000 524.000 526.000 528.000 530.000 532.000 534.000 536.000 538.000 540.000 542.000 544.000 546.000 548.000 550.000 552.000 554.000 556.000 558.000 560.000 562.000 564.000 566.000 568.000 570.000 580.000 590.000 600.000 610.000 620.000 630.000 640.000 650.000 660.000 670.000 680.000 690.000 700.000 710.000 720.000 730.000 740.000 750.000 760.000 770.000 780.000 790.000 800.000 810.000 820.000 830.000 840.000 850.000 860.000 870.000 880.000 890.000 900.000 910.000 920.000 930.000 940.000 950.000 960.000 970.000 980.000 990.000 1000.000 1010.000 1020.000 1030.000 1032.370 1032.370 1040.000 1050.000 1060.000 1070.000 1080.000 1090.000 1100.000 1110.000 1120.000 1130.000 1140.000 1150.000 1160.000 1170.000 1180.000 1190.000 1200.000 1210.000 1220.000 1230.000 1240.000 1250.000 1260.000 1270.000 1280.000 1290.000 1300.000 1310.000 1320.000 1330.000 1340.000 1350.000 1360.000 1370.000 1380.000 1390.000 1400.000
0.518 0.520 0.524 0.648 0.532 0.537 0.543 0.549 0.556 0.564 0.573 0.583 0.585 0.678 0.599 0.613 0.628 0.646 0.667 0.692 0.721 0.730 0.730 0.730 0.383 0.731 0.731 0.731 0.731 0.731 0.731 0.731 0.731 0.731 0.386 0.731 0.732 0.732 0.732 0.732 0.732 0.732 0.732 0.732 0.389 0.733 0.733 0.733 0.733 0.733 0.734 0.734 0.734 0.734 0.393 0.734 0.735 0.735 0.735 0.735 0.735 0.736 0.736 0.736 0.397 0.737 0.739 0.740 0.742 0.744 0.746 0.748 0.751 0.753 0.756 0.759 0.762 0.765 0.769 0.773 0.777 0.781 0.786 0.790 0.795 0.800 0.805 0.811 0.816 0.822 0.828 0.835 0.841 0.848 0.855 0.862 0.869 0.877 0.884 0.892 0.900 0.909 0.918 0.927 0.936 0.945 0.955 0.965 0.976 0.986 0.997 1.000 1.000 1.000 1.000 1.000 1.000 1.000 1.000 1.000 1.000 1.000 1.000 1.000 1.000 1.000 1.000 1.000 1.000 1.000 1.000 1.000 1.000 1.000 1.000 1.000 1.000 1.000 1.000 1.000 1.000 1.000 1.000 1.000 1.000 1.000 1.000 1.000 1.000 1.000
O_PHASE
300.000 308.000 318.000 328.000 338.000 348.000 358.000 368.000 378.000 388.000 398.000 408.000 410.000 412.000 422.000 432.000 442.000 452.000 462.000 472.000 482.000 484.818 486.000 488.000 490.000 492.000 494.000 496.000 498.000 500.000 502.000 504.000 506.000 508.000 510.000 512.000 514.000 516.000 518.000 520.000 522.000 524.000 526.000 528.000 530.000 532.000 534.000 536.000 538.000 540.000 542.000 544.000 546.000 548.000 550.000 552.000 554.000 556.000 558.000 560.000 562.000 564.000 566.000 568.000 570.000 580.000 590.000 600.000 610.000 620.000 630.000 640.000 650.000 660.000 670.000 680.000 690.000 700.000 710.000 720.000 730.000 740.000 750.000 760.000 770.000 780.000 790.000 800.000 810.000 820.000 830.000 840.000 850.000 860.000 870.000 880.000 890.000 900.000 910.000 920.000 930.000 940.000 950.000 960.000 970.000 980.000 990.000 1000.000 1010.000 1020.000 1030.000 1032.370
0.258 0.259 0.260 0.352 0.261 0.262 0.262 0.263 0.264 0.264 0.265 0.265 0.265 0.322 0.266 0.267 0.267 0.268 0.268 0.269 0.270 0.270 0.270 0.270 0.617 0.269 0.269 0.269 0.269 0.269 0.269 0.269 0.269 0.269 0.614 0.269 0.268 0.268 0.268 0.268 0.268 0.268 0.268 0.268 0.611 0.267 0.267 0.267 0.267 0.267 0.266 0.266 0.266 0.266 0.607 0.266 0.265 0.265 0.265 0.265 0.265 0.264 0.264 0.264 0.603 0.263 0.261 0.260 0.258 0.256 0.254 0.252 0.249 0.247 0.244 0.241 0.238 0.235 0.231 0.227 0.223 0.219 0.214 0.210 0.205 0.200 0.195 0.189 0.184 0.178 0.172 0.165 0.159 0.152 0.145 0.138 0.131 0.123 0.116 0.108 0.100 0.091 0.082 0.073 0.064 0.055 0.045 0.035 0.024 0.014 0.003 0.000
CR3SI_A15
300.000 308.000 318.000 328.000 338.000 348.000 358.000 368.000 378.000 388.000 398.000 408.000 410.000 412.000 422.000 432.000 442.000 452.000 462.000 472.000 482.000 484.818
0.224 0.221 0.217 0.000 0.207 0.201 0.195 0.188 0.181 0.172 0.163 0.152 0.150 0.000 0.135 0.120 0.104 0.086 0.064 0.039 0.009 0.000
