22 23 41 13
0.125 0.486 0.250 0.139
BCC_B2
300.000 306.000 316.000 326.000 336.000 346.000 356.000 366.000 376.000 386.000 396.000 406.000 416.000 426.000 428.000 430.000 440.000 450.000 460.000 470.000 480.000 490.000 500.000 502.425 504.000 506.000 508.000 510.000 512.000 514.000 516.000 518.000 520.000 522.000 524.000 526.000 528.000 530.000 532.000 534.000 536.000 538.000 540.000 542.000 544.000 546.000 548.000 550.000 552.000 554.000 556.000 558.000 560.000 562.000 564.000 566.000 568.000 570.000 580.000 590.000 600.000 610.000 620.000 630.000 640.000 650.000 660.000 670.000 680.000 690.000 700.000 710.000 720.000 730.000 740.000 750.000 760.000 770.000 780.000 790.000 800.000 810.000 820.000 830.000 840.000 850.000 860.000 870.000 880.000 890.000 900.000 910.000 920.000 930.000 940.000 950.000 960.000 970.000 980.000 990.000 1000.000 1010.000 1020.000 1030.000 1040.000 1050.000 1055.263 1055.263 1060.000 1070.000 1080.000 1090.000 1100.000 1110.000 1120.000 1130.000 1140.000 1150.000 1160.000 1170.000 1180.000 1190.000 1200.000 1210.000 1220.000 1230.000 1240.000 1250.000 1260.000 1270.000 1280.000 1290.000 1300.000 1310.000 1320.000 1330.000 1340.000 1350.000 1360.000 1370.000 1380.000 1390.000 1400.000
0.460 0.461 0.464 0.468 0.472 0.619 0.481 0.487 0.494 0.501 0.509 0.518 0.529 0.541 0.543 0.654 0.561 0.578 0.598 0.622 0.651 0.685 0.727 0.738 0.738 0.738 0.738 0.738 0.738 0.738 0.738 0.738 0.738 0.738 0.738 0.738 0.739 0.739 0.739 0.739 0.739 0.739 0.739 0.739 0.739 0.739 0.740 0.387 0.740 0.740 0.740 0.740 0.740 0.740 0.740 0.741 0.741 0.391 0.742 0.743 0.744 0.745 0.746 0.748 0.749 0.751 0.753 0.755 0.757 0.760 0.762 0.765 0.768 0.771 0.775 0.778 0.782 0.786 0.791 0.795 0.800 0.805 0.810 0.815 0.821 0.826 0.832 0.838 0.845 0.852 0.858 0.865 0.873 0.880 0.888 0.896 0.905 0.913 0.922 0.931 0.941 0.951 0.961 0.972 0.983 0.994 1.000 1.000 1.000 1.000 1.000 1.000 1.000 1.000 1.000 1.000 1.000 1.000 1.000 1.000 1.000 1.000 1.000 1.000 1.000 1.000 1.000 1.000 1.000 1.000 1.000 1.000 1.000 1.000 1.000 1.000 1.000 1.000 1.000 1.000 1.000 1.000 1.000
O_PHASE
300.000 306.000 316.000 326.000 336.000 346.000 356.000 366.000 376.000 386.000 396.000 406.000 416.000 426.000 428.000 430.000 440.000 450.000 460.000 470.000 480.000 490.000 500.000 502.425 504.000 506.000 508.000 510.000 512.000 514.000 516.000 518.000 520.000 522.000 524.000 526.000 528.000 530.000 532.000 534.000 536.000 538.000 540.000 542.000 544.000 546.000 548.000 550.000 552.000 554.000 556.000 558.000 560.000 562.000 564.000 566.000 568.000 570.000 580.000 590.000 600.000 610.000 620.000 630.000 640.000 650.000 660.000 670.000 680.000 690.000 700.000 710.000 720.000 730.000 740.000 750.000 760.000 770.000 780.000 790.000 800.000 810.000 820.000 830.000 840.000 850.000 860.000 870.000 880.000 890.000 900.000 910.000 920.000 930.000 940.000 950.000 960.000 970.000 980.000 990.000 1000.000 1010.000 1020.000 1030.000 1040.000 1050.000 1055.263
0.250 0.250 0.251 0.252 0.252 0.381 0.253 0.254 0.255 0.255 0.256 0.256 0.257 0.258 0.258 0.346 0.258 0.259 0.260 0.260 0.261 0.261 0.262 0.262 0.262 0.262 0.262 0.262 0.262 0.262 0.262 0.262 0.262 0.262 0.262 0.262 0.261 0.261 0.261 0.261 0.261 0.261 0.261 0.261 0.261 0.261 0.260 0.613 0.260 0.260 0.260 0.260 0.260 0.260 0.260 0.259 0.259 0.609 0.258 0.257 0.256 0.255 0.254 0.252 0.251 0.249 0.247 0.245 0.243 0.240 0.238 0.235 0.232 0.229 0.225 0.222 0.218 0.214 0.209 0.205 0.200 0.195 0.190 0.185 0.179 0.174 0.168 0.162 0.155 0.148 0.142 0.135 0.127 0.120 0.112 0.104 0.095 0.087 0.078 0.069 0.059 0.049 0.039 0.028 0.017 0.006 0.000
CR3SI_A15
300.000 306.000 316.000 326.000 336.000 346.000 356.000 366.000 376.000 386.000 396.000 406.000 416.000 426.000 428.000 430.000 440.000 450.000 460.000 470.000 480.000 490.000 500.000 502.425
0.291 0.289 0.285 0.281 0.276 0.000 0.265 0.259 0.252 0.244 0.235 0.225 0.214 0.202 0.199 0.000 0.181 0.163 0.142 0.118 0.089 0.053 0.011 0.000
