22 23 41 13
0.125 0.569 0.181 0.125
BCC_B2
300.000 302.000 312.000 322.000 332.000 342.000 352.000 362.000 372.000 382.000 384.000 386.000 396.000 406.000 416.000 426.000 436.000 446.000 456.000 456.713 466.000 476.000 486.000 496.000 506.000 516.000 526.000 536.000 546.000 556.000 566.000 568.000 580.000 590.000 600.000 610.000 620.000 630.000 640.000 650.000 660.000 670.000 680.000 690.000 700.000 710.000 720.000 730.000 740.000 750.000 760.000 770.000 780.000 790.000 800.000 810.000 820.000 830.000 840.000 850.000 860.000 870.000 880.000 890.000 900.000 910.000 920.000 930.000 940.000 950.000 960.000 970.000 980.000 984.517 984.517 990.000 1000.000 1010.000 1020.000 1030.000 1040.000 1050.000 1060.000 1070.000 1080.000 1090.000 1100.000 1110.000 1120.000 1130.000 1140.000 1150.000 1160.000 1170.000 1180.000 1190.000 1200.000 1210.000 1220.000 1230.000 1240.000 1250.000 1260.000 1270.000 1280.000 1290.000 1300.000 1310.000 1320.000 1330.000 1340.000 1350.000 1360.000 1370.000 1380.000 1390.000 1400.000
0.562 0.673 0.566 0.570 0.575 0.580 0.586 0.593 0.601 0.609 0.611 0.698 0.624 0.635 0.649 0.664 0.682 0.703 0.727 0.729 0.729 0.730 0.731 0.731 0.732 0.733 0.734 0.735 0.736 0.737 0.739 0.739 0.741 0.743 0.746 0.748 0.751 0.754 0.757 0.760 0.764 0.768 0.772 0.776 0.781 0.786 0.791 0.796 0.802 0.807 0.813 0.820 0.826 0.833 0.839 0.846 0.853 0.861 0.868 0.876 0.884 0.892 0.900 0.909 0.917 0.926 0.935 0.945 0.954 0.964 0.974 0.985 0.995 1.000 1.000 1.000 1.000 1.000 1.000 1.000 1.000 1.000 1.000 1.000 1.000 1.000 1.000 1.000 1.000 1.000 1.000 1.000 1.000 1.000 1.000 1.000 1.000 1.000 1.000 1.000 1.000 1.000 1.000 1.000 1.000 1.000 1.000 1.000 1.000 1.000 1.000 1.000 1.000 1.000 1.000 1.000 1.000
O_PHASE
300.000 302.000 312.000 322.000 332.000 342.000 352.000 362.000 372.000 382.000 384.000 386.000 396.000 406.000 416.000 426.000 436.000 446.000 456.000 456.713 466.000 476.000 486.000 496.000 506.000 516.000 526.000 536.000 546.000 556.000 566.000 568.000 580.000 590.000 600.000 610.000 620.000 630.000 640.000 650.000 660.000 670.000 680.000 690.000 700.000 710.000 720.000 730.000 740.000 750.000 760.000 770.000 780.000 790.000 800.000 810.000 820.000 830.000 840.000 850.000 860.000 870.000 880.000 890.000 900.000 910.000 920.000 930.000 940.000 950.000 960.000 970.000 980.000 984.517
0.261 0.327 0.262 0.263 0.263 0.264 0.265 0.265 0.266 0.266 0.267 0.302 0.267 0.268 0.269 0.269 0.270 0.270 0.271 0.271 0.271 0.270 0.269 0.269 0.268 0.267 0.266 0.265 0.264 0.263 0.261 0.261 0.259 0.257 0.254 0.252 0.249 0.246 0.243 0.240 0.236 0.232 0.228 0.224 0.219 0.214 0.209 0.204 0.198 0.193 0.187 0.180 0.174 0.167 0.161 0.154 0.147 0.139 0.132 0.124 0.116 0.108 0.100 0.091 0.083 0.074 0.065 0.055 0.046 0.036 0.026 0.015 0.005 0.000
CR3SI_A15
300.000 302.000 312.000 322.000 332.000 342.000 352.000 362.000 372.000 382.000 384.000 386.000 396.000 406.000 416.000 426.000 436.000 446.000 456.000 456.713
0.177 0.000 0.172 0.167 0.162 0.156 0.149 0.142 0.133 0.124 0.122 0.000 0.109 0.097 0.083 0.067 0.048 0.027 0.002 0.000
