22 23 41 13
0.125 0.514 0.250 0.111
BCC_B2
300.000 306.000 316.000 326.000 336.000 346.000 356.000 366.000 376.000 386.000 388.000 390.000 400.000 410.000 420.000 430.000 440.000 450.000 460.000 462.587 464.000 466.000 468.000 470.000 472.000 474.000 476.000 478.000 480.000 482.000 484.000 486.000 488.000 490.000 492.000 494.000 496.000 498.000 500.000 502.000 504.000 506.000 508.000 510.000 512.000 514.000 516.000 518.000 520.000 522.000 524.000 526.000 528.000 530.000 532.000 534.000 536.000 538.000 540.000 542.000 544.000 546.000 548.000 550.000 552.000 554.000 556.000 558.000 560.000 562.000 564.000 566.000 576.000 586.000 596.000 606.000 616.000 626.000 636.000 646.000 656.000 658.000 660.000 662.000 664.000 666.000 668.000 670.000 672.000 674.000 676.000 678.000 680.000 690.000 700.000 710.000 720.000 730.000 740.000 750.000 760.000 770.000 780.000 790.000 800.000 810.000 820.000 830.000 840.000 850.000 860.000 870.000 880.000 890.000 900.000 910.000 920.000 930.000 940.000 950.000 960.000 970.000 980.000 990.000 990.751 990.751 1000.000 1010.000 1020.000 1030.000 1040.000 1050.000 1060.000 1070.000 1080.000 1090.000 1100.000 1110.000 1120.000 1130.000 1140.000 1150.000 1160.000 1170.000 1180.000 1190.000 1200.000 1210.000 1220.000 1230.000 1240.000 1250.000 1260.000 1270.000 1280.000 1290.000 1300.000 1310.000 1320.000 1330.000 1340.000 1350.000 1360.000 1370.000 1380.000 1390.000 1400.000
0.473 0.643 0.479 0.484 0.490 0.496 0.503 0.511 0.520 0.531 0.534 0.666 0.550 0.566 0.586 0.610 0.641 0.680 0.731 0.746 0.746 0.746 0.746 0.746 0.746 0.746 0.746 0.746 0.746 0.746 0.746 0.746 0.746 0.747 0.747 0.747 0.747 0.747 0.747 0.747 0.747 0.380 0.747 0.747 0.747 0.747 0.748 0.748 0.748 0.748 0.748 0.383 0.748 0.748 0.748 0.749 0.749 0.749 0.749 0.749 0.749 0.386 0.750 0.750 0.750 0.750 0.750 0.750 0.751 0.751 0.751 0.389 0.752 0.754 0.755 0.757 0.759 0.761 0.763 0.765 0.768 0.769 0.769 0.770 0.771 0.771 0.772 0.772 0.773 0.774 0.774 0.775 0.776 0.779 0.783 0.787 0.792 0.797 0.801 0.807 0.812 0.818 0.824 0.830 0.836 0.843 0.850 0.857 0.864 0.871 0.879 0.887 0.895 0.903 0.912 0.920 0.929 0.939 0.948 0.958 0.968 0.978 0.988 0.999 1.000 1.000 1.000 1.000 1.000 1.000 1.000 1.000 1.000 1.000 1.000 1.000 1.000 1.000 1.000 1.000 1.000 1.000 1.000 1.000 1.000 1.000 1.000 1.000 1.000 1.000 1.000 1.000 1.000 1.000 1.000 1.000 1.000 1.000 1.000 1.000 1.000 1.000 1.000 1.000 1.000 1.000 1.000
O_PHASE
300.000 306.000 316.000 326.000 336.000 346.000 356.000 366.000 376.000 386.000 388.000 390.000 400.000 410.000 420.000 430.000 440.000 450.000 460.000 462.587 464.000 466.000 468.000 470.000 472.000 474.000 476.000 478.000 480.000 482.000 484.000 486.000 488.000 490.000 492.000 494.000 496.000 498.000 500.000 502.000 504.000 506.000 508.000 510.000 512.000 514.000 516.000 518.000 520.000 522.000 524.000 526.000 528.000 530.000 532.000 534.000 536.000 538.000 540.000 542.000 544.000 546.000 548.000 550.000 552.000 554.000 556.000 558.000 560.000 562.000 564.000 566.000 576.000 586.000 596.000 606.000 616.000 626.000 636.000 646.000 656.000 658.000 660.000 662.000 664.000 666.000 668.000 670.000 672.000 674.000 676.000 678.000 680.000 690.000 700.000 710.000 720.000 730.000 740.000 750.000 760.000 770.000 780.000 790.000 800.000 810.000 820.000 830.000 840.000 850.000 860.000 870.000 880.000 890.000 900.000 910.000 920.000 930.000 940.000 950.000 960.000 970.000 980.000 990.000 990.751
0.243 0.357 0.244 0.245 0.246 0.246 0.247 0.247 0.248 0.249 0.249 0.334 0.250 0.250 0.251 0.252 0.252 0.253 0.254 0.254 0.254 0.254 0.254 0.254 0.254 0.254 0.254 0.254 0.254 0.254 0.254 0.254 0.254 0.253 0.253 0.253 0.253 0.253 0.253 0.253 0.253 0.620 0.253 0.253 0.253 0.253 0.252 0.252 0.252 0.252 0.252 0.617 0.252 0.252 0.252 0.251 0.251 0.251 0.251 0.251 0.251 0.614 0.250 0.250 0.250 0.250 0.250 0.250 0.249 0.249 0.249 0.611 0.248 0.246 0.245 0.243 0.241 0.239 0.237 0.235 0.232 0.231 0.231 0.230 0.229 0.229 0.228 0.228 0.227 0.226 0.226 0.225 0.224 0.221 0.217 0.213 0.208 0.203 0.199 0.193 0.188 0.182 0.176 0.170 0.164 0.157 0.150 0.143 0.136 0.129 0.121 0.113 0.105 0.097 0.088 0.080 0.071 0.061 0.052 0.042 0.032 0.022 0.012 0.001 0.000
CR3SI_A15
300.000 306.000 316.000 326.000 336.000 346.000 356.000 366.000 376.000 386.000 388.000 390.000 400.000 410.000 420.000 430.000 440.000 450.000 460.000 462.587
0.284 0.000 0.276 0.271 0.265 0.258 0.250 0.241 0.231 0.220 0.217 0.000 0.200 0.184 0.163 0.138 0.107 0.067 0.016 0.000
