22 23 41 13
0.194 0.556 0.139 0.111
BCC_B2
300.000 310.000 320.000 330.000 340.000 342.105 344.000 346.000 348.000 350.000 352.000 354.000 356.000 358.000 360.000 362.000 364.000 366.000 368.000 370.000 372.000 374.000 376.000 378.000 380.000 382.000 384.000 386.000 388.000 390.000 392.000 394.000 396.000 398.000 400.000 402.000 404.000 406.000 408.000 410.000 412.000 414.000 416.000 418.000 420.000 422.000 424.000 426.000 428.000 430.000 432.000 434.000 436.000 438.000 440.000 442.000 444.000 446.000 448.000 450.000 452.000 454.000 456.000 458.000 460.000 462.000 464.000 466.000 476.000 486.000 496.000 506.000 516.000 526.000 536.000 546.000 556.000 558.000 580.000 590.000 600.000 610.000 620.000 630.000 640.000 650.000 660.000 670.000 680.000 690.000 700.000 710.000 720.000 730.000 740.000 750.000 760.000 770.000 780.000 790.000 800.000 810.000 820.000 830.000 840.000 850.000 860.000 870.000 880.000 890.000 900.000 910.000 920.000 930.000 940.000 950.000 960.000 970.000 980.000 990.000 1000.000 1010.000 1020.000 1020.207 1020.207 1030.000 1040.000 1050.000 1060.000 1070.000 1080.000 1090.000 1100.000 1110.000 1120.000 1130.000 1140.000 1150.000 1160.000 1170.000 1180.000 1190.000 1200.000 1210.000 1220.000 1230.000 1240.000 1250.000 1260.000 1270.000 1280.000 1290.000 1300.000 1310.000 1320.000 1330.000 1340.000 1350.000 1360.000 1370.000 1380.000 1390.000 1400.000
0.558 0.564 0.569 0.576 0.584 0.586 0.586 0.574 0.586 0.586 0.586 0.586 0.587 0.587 0.587 0.587 0.587 0.587 0.587 0.587 0.587 0.588 0.588 0.588 0.588 0.588 0.588 0.392 0.588 0.588 0.589 0.589 0.589 0.589 0.589 0.589 0.589 0.589 0.589 0.589 0.590 0.590 0.590 0.590 0.590 0.590 0.590 0.395 0.590 0.591 0.591 0.591 0.591 0.591 0.591 0.591 0.591 0.591 0.592 0.592 0.592 0.592 0.592 0.592 0.592 0.592 0.593 0.384 0.593 0.594 0.595 0.596 0.598 0.599 0.601 0.603 0.605 0.606 0.613 0.617 0.622 0.628 0.634 0.641 0.649 0.657 0.666 0.674 0.683 0.691 0.700 0.708 0.717 0.725 0.733 0.742 0.750 0.759 0.767 0.775 0.784 0.792 0.801 0.809 0.818 0.827 0.836 0.845 0.854 0.863 0.872 0.882 0.891 0.901 0.911 0.922 0.932 0.943 0.954 0.965 0.976 0.988 1.000 1.000 1.000 1.000 1.000 1.000 1.000 1.000 1.000 1.000 1.000 1.000 1.000 1.000 1.000 1.000 1.000 1.000 1.000 1.000 1.000 1.000 1.000 1.000 1.000 1.000 1.000 1.000 1.000 1.000 1.000 1.000 1.000 1.000 1.000 1.000 1.000 1.000 1.000 1.000 1.000
O_PHASE
300.000 310.000 320.000 330.000 340.000 342.105 344.000 346.000 348.000 350.000 352.000 354.000 356.000 358.000 360.000 362.000 364.000 366.000 368.000 370.000 372.000 374.000 376.000 378.000 380.000 382.000 384.000 386.000 388.000 390.000 392.000 394.000 396.000 398.000 400.000 402.000 404.000 406.000 408.000 410.000 412.000 414.000 416.000 418.000 420.000 422.000 424.000 426.000 428.000 430.000 432.000 434.000 436.000 438.000 440.000 442.000 444.000 446.000 448.000 450.000 452.000 454.000 456.000 458.000 460.000 462.000 464.000 466.000 476.000 486.000 496.000 506.000 516.000 526.000 536.000 546.000 556.000 558.000 580.000 590.000 600.000 610.000 620.000 630.000 640.000 650.000 660.000 670.000 680.000 690.000 700.000 710.000 720.000 730.000 740.000 750.000 760.000 770.000 780.000 790.000 800.000 810.000 820.000 830.000 840.000 850.000 860.000 870.000 880.000 890.000 900.000 910.000 920.000 930.000 940.000 950.000 960.000 970.000 980.000 990.000 1000.000 1010.000 1020.000 1020.207
0.410 0.411 0.412 0.413 0.414 0.414 0.414 0.426 0.414 0.414 0.414 0.414 0.413 0.413 0.413 0.413 0.413 0.413 0.413 0.413 0.413 0.412 0.412 0.412 0.412 0.412 0.412 0.608 0.412 0.412 0.411 0.411 0.411 0.411 0.411 0.411 0.411 0.411 0.411 0.411 0.410 0.410 0.410 0.410 0.410 0.410 0.410 0.605 0.410 0.409 0.409 0.409 0.409 0.409 0.409 0.409 0.409 0.409 0.408 0.408 0.408 0.408 0.408 0.408 0.408 0.408 0.407 0.616 0.407 0.406 0.405 0.404 0.402 0.401 0.399 0.397 0.395 0.394 0.387 0.383 0.378 0.372 0.366 0.359 0.351 0.343 0.334 0.326 0.317 0.309 0.300 0.292 0.283 0.275 0.267 0.258 0.250 0.241 0.233 0.225 0.216 0.208 0.199 0.191 0.182 0.173 0.164 0.155 0.146 0.137 0.128 0.118 0.109 0.099 0.089 0.078 0.068 0.057 0.046 0.035 0.024 0.012 0.000 0.000
CR3SI_A15
300.000 310.000 320.000 330.000 340.000 342.105
0.032 0.026 0.019 0.011 0.002 0.000
