22 23 41 13
0.319 0.542 0.028 0.111
ALTI3_D019
300.000 301.200 311.200 321.200 331.200 341.200 351.200 361.200 371.200 381.200 391.200 401.200 411.200 421.200 431.200 441.200 441.600 nan 441.600 442.000 444.000 446.000 448.000 450.000 452.000 454.000 456.000 458.000 460.000 470.000 480.000 490.000 500.000 510.000 520.000 530.000 540.000 550.000 560.000 570.000 580.000 590.000 600.000 610.000 620.000 630.000 640.000 650.000 660.000 670.000 680.000 690.000 700.000 710.000 720.000 730.000 740.000 750.000 760.000 770.000 780.000 790.000 800.000 810.000 820.000 830.000 840.000 850.000 860.000 870.000 880.000 890.000 900.000 910.000 920.000 930.000 940.000 941.119 941.119 950.000 960.000 970.000 980.000 990.000 1000.000 1010.000 1020.000 1030.000 1034.807
0.306 0.306 0.306 0.306 0.307 0.307 0.307 0.307 0.308 0.308 0.308 0.308 0.308 0.307 0.306 0.304 0.304 nan 0.730 0.000 0.303 0.302 0.301 0.299 0.297 0.294 0.290 0.279 0.263 0.236 0.222 0.211 0.202 0.194 0.187 0.180 0.173 0.167 0.161 0.155 0.150 0.144 0.139 0.134 0.129 0.124 0.119 0.114 0.110 0.105 0.101 0.096 0.092 0.088 0.084 0.080 0.076 0.072 0.069 0.066 0.063 0.060 0.057 0.055 0.052 0.051 0.049 0.048 0.047 0.047 0.047 0.048 0.049 0.051 0.053 0.056 0.060 0.060 0.060 0.055 0.049 0.042 0.036 0.030 0.023 0.017 0.010 0.003 0.000
BCC_B2#2
300.000 301.200 311.200 321.200 331.200 341.200 351.200 361.200 371.200 381.200 391.200 401.200 411.200 421.200 431.200 441.200 441.600
0.570 0.570 0.571 0.571 0.571 0.572 0.572 0.572 0.573 0.574 0.574 0.575 0.577 0.578 0.581 0.584 0.584
O_PHASE
300.000 301.200 311.200 321.200 331.200 341.200 351.200 361.200 371.200 381.200 391.200 401.200 411.200 421.200 431.200 441.200 441.600 nan 441.600 442.000 444.000 446.000 448.000 450.000 452.000 454.000 456.000 458.000 460.000 470.000 480.000 490.000 500.000 510.000 520.000 530.000 540.000 550.000 560.000 570.000 580.000 590.000 600.000 610.000 620.000 630.000 640.000 650.000 660.000 670.000 680.000 690.000 700.000 710.000 720.000 730.000 740.000 750.000 760.000 770.000 780.000 790.000 800.000 810.000 820.000 830.000 840.000 850.000 860.000 870.000 880.000 890.000 900.000 910.000 920.000 930.000 940.000 941.119
0.124 0.124 0.123 0.123 0.122 0.122 0.121 0.120 0.119 0.119 0.118 0.116 0.115 0.114 0.113 0.112 0.112 nan 0.270 0.407 0.112 0.112 0.112 0.111 0.111 0.111 0.111 0.112 0.113 0.113 0.113 0.112 0.112 0.112 0.111 0.111 0.110 0.110 0.109 0.109 0.109 0.108 0.108 0.107 0.107 0.107 0.106 0.106 0.105 0.105 0.104 0.103 0.102 0.102 0.101 0.099 0.098 0.097 0.095 0.093 0.091 0.089 0.087 0.084 0.080 0.077 0.073 0.068 0.064 0.058 0.052 0.046 0.038 0.030 0.021 0.012 0.001 0.000
BCC_B2
441.600 442.000 444.000 446.000 448.000 450.000 452.000 454.000 456.000 458.000 460.000 470.000 480.000 490.000 500.000 510.000 520.000 530.000 540.000 550.000 560.000 570.000 580.000 590.000 600.000 610.000 620.000 630.000 640.000 650.000 660.000 670.000 680.000 690.000 700.000 710.000 720.000 730.000 740.000 750.000 760.000 770.000 780.000 790.000 800.000 810.000 820.000 830.000 840.000 850.000 860.000 870.000 880.000 890.000 900.000 910.000 920.000 930.000 940.000 941.119 941.119 950.000 960.000 970.000 980.000 990.000 1000.000 1010.000 1020.000 1030.000 1034.807 1034.807 1040.000 1050.000 1060.000 1070.000 1080.000 1090.000 1100.000 1110.000 1120.000 1130.000 1140.000 1150.000 1160.000 1170.000 1180.000 1190.000 1200.000 1210.000 1220.000 1230.000 1240.000 1250.000 1260.000 1270.000 1280.000 1290.000 1300.000 1310.000 1320.000 1330.000 1340.000 1350.000 1360.000 1370.000 1380.000 1390.000 1400.000
0.000 0.593 0.585 0.587 0.588 0.589 0.592 0.594 0.599 0.609 0.625 0.651 0.665 0.676 0.686 0.694 0.702 0.710 0.716 0.723 0.729 0.736 0.742 0.747 0.753 0.759 0.764 0.770 0.775 0.780 0.785 0.790 0.795 0.801 0.806 0.811 0.816 0.821 0.826 0.831 0.836 0.841 0.846 0.851 0.856 0.862 0.867 0.872 0.878 0.883 0.889 0.895 0.901 0.907 0.913 0.919 0.926 0.932 0.939 0.940 0.940 0.945 0.951 0.958 0.964 0.970 0.977 0.983 0.990 0.997 1.000 1.000 1.000 1.000 1.000 1.000 1.000 1.000 1.000 1.000 1.000 1.000 1.000 1.000 1.000 1.000 1.000 1.000 1.000 1.000 1.000 1.000 1.000 1.000 1.000 1.000 1.000 1.000 1.000 1.000 1.000 1.000 1.000 1.000 1.000 1.000 1.000 1.000 1.000
