22 23 41 13
0.333 0.528 0.028 0.111
ALTI3_D019
300.000 309.200 319.200 329.200 339.200 349.200 359.200 369.200 379.200 389.200 399.200 409.200 419.200 429.200 429.600 nan 429.600 430.000 432.000 434.000 436.000 438.000 440.000 442.000 444.000 446.000 448.000 450.000 452.000 454.000 456.000 458.000 460.000 462.000 464.000 466.000 468.000 470.000 480.000 490.000 500.000 510.000 520.000 530.000 540.000 550.000 560.000 570.000 580.000 590.000 600.000 610.000 620.000 630.000 640.000 650.000 660.000 670.000 680.000 690.000 700.000 710.000 720.000 730.000 740.000 750.000 760.000 770.000 780.000 790.000 800.000 810.000 820.000 830.000 840.000 850.000 860.000 870.000 880.000 890.000 900.000 910.000 920.000 930.000 931.022 931.022 940.000 950.000 960.000 970.000 980.000 990.000 1000.000 1010.000 1020.000 1030.000 1040.000 1050.000 1056.603
0.320 0.320 0.320 0.320 0.320 0.320 0.320 0.320 0.320 0.320 0.320 0.320 0.320 0.319 0.319 nan 0.735 0.000 0.319 0.318 0.318 0.318 0.317 0.317 0.316 0.315 0.314 0.313 0.312 0.310 0.308 0.304 0.291 0.271 0.263 0.258 0.253 0.250 0.235 0.224 0.215 0.207 0.199 0.193 0.186 0.180 0.174 0.168 0.163 0.157 0.152 0.147 0.142 0.137 0.133 0.128 0.124 0.119 0.115 0.111 0.107 0.103 0.099 0.095 0.092 0.089 0.085 0.082 0.080 0.077 0.075 0.073 0.071 0.070 0.069 0.068 0.068 0.068 0.068 0.069 0.071 0.073 0.076 0.080 0.080 0.080 0.075 0.069 0.062 0.056 0.050 0.044 0.037 0.031 0.024 0.018 0.011 0.004 0.000
BCC_B2#2
300.000 309.200 319.200 329.200 339.200 349.200 359.200 369.200 379.200 389.200 399.200 409.200 419.200 429.200 429.600
0.556 0.557 0.557 0.557 0.558 0.558 0.559 0.559 0.560 0.561 0.561 0.563 0.564 0.566 0.566
O_PHASE
300.000 309.200 319.200 329.200 339.200 349.200 359.200 369.200 379.200 389.200 399.200 409.200 419.200 429.200 429.600 nan 429.600 430.000 432.000 434.000 436.000 438.000 440.000 442.000 444.000 446.000 448.000 450.000 452.000 454.000 456.000 458.000 460.000 462.000 464.000 466.000 468.000 470.000 480.000 490.000 500.000 510.000 520.000 530.000 540.000 550.000 560.000 570.000 580.000 590.000 600.000 610.000 620.000 630.000 640.000 650.000 660.000 670.000 680.000 690.000 700.000 710.000 720.000 730.000 740.000 750.000 760.000 770.000 780.000 790.000 800.000 810.000 820.000 830.000 840.000 850.000 860.000 870.000 880.000 890.000 900.000 910.000 920.000 930.000 931.022
0.124 0.124 0.123 0.123 0.123 0.122 0.122 0.121 0.120 0.119 0.118 0.117 0.116 0.115 0.115 nan 0.265 0.419 0.115 0.114 0.114 0.114 0.114 0.113 0.113 0.113 0.113 0.113 0.112 0.112 0.112 0.112 0.113 0.114 0.114 0.114 0.114 0.114 0.114 0.113 0.112 0.112 0.111 0.111 0.110 0.109 0.109 0.108 0.108 0.107 0.106 0.106 0.105 0.105 0.104 0.103 0.103 0.102 0.101 0.100 0.099 0.098 0.097 0.095 0.094 0.092 0.090 0.088 0.086 0.083 0.081 0.077 0.074 0.070 0.066 0.061 0.056 0.050 0.043 0.036 0.029 0.020 0.011 0.001 0.000
BCC_B2
429.600 430.000 432.000 434.000 436.000 438.000 440.000 442.000 444.000 446.000 448.000 450.000 452.000 454.000 456.000 458.000 460.000 462.000 464.000 466.000 468.000 470.000 480.000 490.000 500.000 510.000 520.000 530.000 540.000 550.000 560.000 570.000 580.000 590.000 600.000 610.000 620.000 630.000 640.000 650.000 660.000 670.000 680.000 690.000 700.000 710.000 720.000 730.000 740.000 750.000 760.000 770.000 780.000 790.000 800.000 810.000 820.000 830.000 840.000 850.000 860.000 870.000 880.000 890.000 900.000 910.000 920.000 930.000 931.022 931.022 940.000 950.000 960.000 970.000 980.000 990.000 1000.000 1010.000 1020.000 1030.000 1040.000 1050.000 1056.603 1056.603 1060.000 1070.000 1080.000 1090.000 1100.000 1110.000 1120.000 1130.000 1140.000 1150.000 1160.000 1170.000 1180.000 1190.000 1200.000 1210.000 1220.000 1230.000 1240.000 1250.000 1260.000 1270.000 1280.000 1290.000 1300.000 1310.000 1320.000 1330.000 1340.000 1350.000 1360.000 1370.000 1380.000 1390.000 1400.000
0.000 0.581 0.567 0.567 0.568 0.568 0.569 0.570 0.571 0.572 0.573 0.574 0.576 0.577 0.580 0.584 0.597 0.615 0.623 0.628 0.633 0.637 0.651 0.663 0.673 0.681 0.689 0.697 0.704 0.711 0.717 0.724 0.730 0.736 0.741 0.747 0.753 0.758 0.763 0.769 0.774 0.779 0.784 0.789 0.794 0.799 0.804 0.809 0.814 0.819 0.824 0.829 0.834 0.839 0.845 0.850 0.855 0.860 0.866 0.871 0.877 0.883 0.888 0.894 0.900 0.906 0.913 0.919 0.920 0.920 0.925 0.931 0.938 0.944 0.950 0.956 0.963 0.969 0.976 0.982 0.989 0.996 1.000 1.000 1.000 1.000 1.000 1.000 1.000 1.000 1.000 1.000 1.000 1.000 1.000 1.000 1.000 1.000 1.000 1.000 1.000 1.000 1.000 1.000 1.000 1.000 1.000 1.000 1.000 1.000 1.000 1.000 1.000 1.000 1.000 1.000 1.000 1.000 1.000
