22 23 41 13
0.361 0.514 0.014 0.111
ALTI3_D019
300.000 309.300 319.300 329.300 339.300 349.300 359.300 369.300 379.300 389.300 399.300 409.300 419.300 429.300 439.300 439.500 439.500 449.500 449.500 449.600 449.700 449.800 449.900 450.000 450.100 450.200 450.300 450.400 450.500 450.600 450.700 450.800 450.900 451.000 451.100 451.200 451.300 451.400 451.500 451.600 451.700 451.800 451.900 452.000 454.000 454.000 456.000 458.000 460.000 462.000 464.000 466.000 468.000 470.000 480.000 490.000 500.000 510.000 520.000 530.000 540.000 550.000 560.000 570.000 580.000 590.000 600.000 610.000 620.000 630.000 640.000 650.000 660.000 670.000 680.000 690.000 700.000 710.000 720.000 730.000 740.000 750.000 760.000 762.514 770.000 780.000 790.000 800.000 810.000 820.000 830.000 840.000 850.000 860.000 870.000 880.000 890.000 900.000 910.000 920.000 930.000 940.000 950.000 960.000 970.000 980.000 990.000 1000.000 1010.000 1020.000 1030.000 1040.000 1050.000 1060.000 1070.000 1071.799
0.388 0.388 0.388 0.388 0.388 0.388 0.389 0.389 0.389 0.389 0.389 0.389 0.389 0.389 0.388 0.388 0.388 0.385 0.385 0.385 0.385 0.384 0.384 0.384 0.384 0.384 0.384 0.384 0.384 0.384 0.384 0.384 0.384 0.384 0.384 0.384 0.384 0.384 0.384 0.384 0.383 0.383 0.383 0.383 0.382 0.382 0.380 0.377 0.370 0.345 0.336 0.330 0.325 0.321 0.307 0.297 0.288 0.280 0.273 0.267 0.261 0.255 0.250 0.245 0.240 0.235 0.230 0.226 0.222 0.218 0.214 0.210 0.207 0.203 0.200 0.197 0.194 0.191 0.188 0.185 0.183 0.181 0.179 0.178 0.174 0.169 0.164 0.159 0.154 0.148 0.143 0.138 0.132 0.127 0.122 0.116 0.111 0.105 0.099 0.094 0.088 0.082 0.076 0.071 0.065 0.059 0.052 0.046 0.040 0.034 0.027 0.021 0.014 0.008 0.001 0.000
BCC_B2
300.000 309.300 319.300 329.300 339.300 349.300 359.300 369.300 379.300 389.300 399.300 409.300 419.300 429.300 439.300 439.500 439.500 449.500 449.500 449.600 449.700 449.800 449.900 450.000 450.100 450.200 450.300 450.400 450.500 450.600 450.700 450.800 450.900 451.000 451.100 451.200 451.300 451.400 451.500 451.600 451.700 451.800 451.900 452.000 454.000 454.000 456.000 458.000 460.000 462.000 464.000 466.000 468.000 470.000 480.000 490.000 500.000 510.000 520.000 530.000 540.000 550.000 560.000 570.000 580.000 590.000 600.000 610.000 620.000 630.000 640.000 650.000 660.000 670.000 680.000 690.000 700.000 710.000 720.000 730.000 740.000 750.000 760.000 762.514 770.000 780.000 790.000 800.000 810.000 820.000 830.000 840.000 850.000 860.000 870.000 880.000 890.000 900.000 910.000 920.000 930.000 940.000 950.000 960.000 970.000 980.000 990.000 1000.000 1010.000 1020.000 1030.000 1040.000 1050.000 1060.000 1070.000 1071.799 1071.799 1080.000 1090.000 1100.000 1110.000 1120.000 1130.000 1140.000 1150.000 1160.000 1170.000 1180.000 1190.000 1200.000 1210.000 1220.000 1230.000 1240.000 1250.000 1260.000 1270.000 1280.000 1290.000 1300.000 1310.000 1320.000 1330.000 1340.000 1350.000 1360.000 1370.000 1380.000 1390.000 1400.000
0.549 0.550 0.550 0.550 0.551 0.551 0.552 0.552 0.553 0.554 0.555 0.556 0.557 0.559 0.562 0.562 0.562 0.566 0.566 0.566 0.566 0.566 0.566 0.566 0.567 0.567 0.567 0.567 0.567 0.567 0.567 0.567 0.567 0.567 0.567 0.567 0.567 0.567 0.567 0.568 0.568 0.568 0.568 0.568 0.569 0.569 0.572 0.575 0.581 0.605 0.615 0.620 0.625 0.629 0.644 0.656 0.666 0.675 0.683 0.691 0.698 0.705 0.712 0.718 0.724 0.730 0.736 0.742 0.748 0.753 0.759 0.764 0.769 0.775 0.780 0.785 0.790 0.795 0.800 0.805 0.810 0.815 0.820 0.822 0.826 0.831 0.836 0.841 0.846 0.852 0.857 0.862 0.868 0.873 0.878 0.884 0.889 0.895 0.901 0.906 0.912 0.918 0.924 0.929 0.935 0.941 0.948 0.954 0.960 0.966 0.973 0.979 0.986 0.992 0.999 1.000 1.000 1.000 1.000 1.000 1.000 1.000 1.000 1.000 1.000 1.000 1.000 1.000 1.000 1.000 1.000 1.000 1.000 1.000 1.000 1.000 1.000 1.000 1.000 1.000 1.000 1.000 1.000 1.000 1.000 1.000 1.000 1.000 1.000 1.000
O_PHASE
300.000 309.300 319.300 329.300 339.300 349.300 359.300 369.300 379.300 389.300 399.300 409.300 419.300 429.300 439.300 439.500 439.500 449.500 449.500 449.600 449.700 449.800 449.900 450.000 450.100 450.200 450.300 450.400 450.500 450.600 450.700 450.800 450.900 451.000 451.100 451.200 451.300 451.400 451.500 451.600 451.700 451.800 451.900 452.000 454.000 454.000 456.000 458.000 460.000 462.000 464.000 466.000 468.000 470.000 480.000 490.000 500.000 510.000 520.000 530.000 540.000 550.000 560.000 570.000 580.000 590.000 600.000 610.000 620.000 630.000 640.000 650.000 660.000 670.000 680.000 690.000 700.000 710.000 720.000 730.000 740.000 750.000 760.000 762.514
0.063 0.062 0.062 0.062 0.061 0.061 0.060 0.059 0.058 0.057 0.056 0.055 0.054 0.052 0.051 0.051 0.051 0.049 0.049 0.049 0.049 0.049 0.049 0.049 0.049 0.049 0.049 0.049 0.049 0.049 0.049 0.049 0.049 0.049 0.049 0.049 0.049 0.049 0.049 0.049 0.049 0.049 0.049 0.049 0.049 0.049 0.048 0.048 0.048 0.050 0.050 0.050 0.050 0.049 0.049 0.048 0.046 0.045 0.044 0.043 0.041 0.040 0.039 0.037 0.036 0.035 0.033 0.032 0.030 0.029 0.027 0.026 0.024 0.022 0.020 0.018 0.016 0.014 0.012 0.009 0.007 0.004 0.001 0.000
