22 23 41 24
0.319 0.194 0.375 0.111
C15_LAVES
300.000 302.000 312.000 322.000 332.000 342.000 352.000 362.000 372.000 382.000 392.000 402.000 412.000 422.000 432.000 442.000 452.000 462.000 472.000 482.000 492.000 502.000 511.587 nan 565.753 566.000 568.000 570.000 572.000 574.000 576.000 578.000 580.000 582.000 584.000 586.000 588.000 590.000 592.000 594.000 596.000 598.000 600.000 602.000 604.000 606.000 608.000 610.000 612.000 614.000 616.000 618.000 620.000 622.000 624.000 626.000 628.000 630.000 632.000 634.000 636.000 638.000 640.000 642.000 644.000 646.000 648.000 650.000 652.000 654.000 656.000 658.000 660.000 662.000 664.000 666.000 668.000 670.000 672.000 674.000 676.000 678.000 680.000 682.000 684.000 686.000 688.000 690.000 692.000 694.000 696.000 698.000 700.000 702.000 704.000 706.000 708.000 710.000 712.000 714.000 716.000 718.000 720.000 722.000 724.000 726.000 728.000 730.000 732.742 734.664 734.664 740.000 750.000 760.000 770.000 780.000 790.000 800.000 810.000 820.000 830.000 840.000 850.000 860.000 870.000 880.000 890.000 900.000 910.000 920.000 930.000 940.000 950.000 960.000 970.000 980.000 990.000 1000.000 1010.000 1019.480
0.039 0.038 0.035 0.032 0.029 0.027 0.024 0.022 0.019 0.017 0.015 0.013 0.011 0.009 0.008 0.006 0.005 0.004 0.003 0.002 0.001 0.000 0.000 nan 0.000 0.000 0.000 0.000 0.000 0.000 0.001 0.001 0.001 0.001 0.001 0.001 0.001 0.002 0.002 0.002 0.002 0.002 0.003 0.003 0.003 0.003 0.004 0.004 0.004 0.005 0.005 0.005 0.006 0.006 0.006 0.007 0.007 0.007 0.008 0.008 0.009 0.009 0.010 0.010 0.011 0.011 0.012 0.012 0.013 0.014 0.014 0.015 0.016 0.016 0.017 0.018 0.019 0.019 0.020 0.021 0.022 0.023 0.024 0.025 0.027 0.028 0.029 0.031 0.032 0.034 0.035 0.037 0.039 0.041 0.043 0.046 0.048 0.051 0.054 0.058 0.062 0.066 0.071 0.077 0.083 0.090 0.098 0.105 0.116 0.115 0.115 0.114 0.111 0.108 0.105 0.102 0.099 0.096 0.093 0.089 0.086 0.082 0.078 0.075 0.071 0.067 0.063 0.059 0.054 0.050 0.045 0.041 0.036 0.031 0.026 0.021 0.016 0.011 0.005 0.000
BCC_B2#2
300.000 302.000 312.000 322.000 332.000 342.000 352.000 362.000 372.000 382.000 392.000 402.000 412.000 422.000 432.000 442.000 452.000 462.000 472.000 482.000 492.000 502.000 511.587 512.000 522.000 532.000 542.000 552.000 562.000 565.753 565.753 566.000 568.000 570.000 572.000 574.000 576.000 578.000 580.000 582.000 584.000 586.000 588.000 590.000 592.000 594.000 596.000 598.000 600.000 602.000 604.000 606.000 608.000 610.000 612.000 614.000 616.000 618.000 620.000 622.000 624.000 626.000 628.000 630.000 632.000 634.000 636.000 638.000 640.000 642.000 644.000 646.000 648.000 650.000 652.000 654.000 656.000 658.000 660.000 662.000 664.000 666.000 668.000 670.000 672.000 674.000 676.000 678.000 680.000 682.000 684.000 686.000 688.000 690.000 692.000 694.000 696.000 698.000 700.000 702.000 704.000 706.000 708.000 710.000 712.000 714.000 716.000 718.000 720.000 722.000 724.000 726.000 728.000 730.000 732.742
0.214 0.214 0.215 0.216 0.217 0.218 0.218 0.219 0.220 0.220 0.220 0.221 0.221 0.221 0.221 0.221 0.221 0.221 0.220 0.220 0.219 0.219 0.218 0.218 0.217 0.216 0.214 0.213 0.212 0.212 0.212 0.212 0.211 0.211 0.211 0.210 0.210 0.210 0.209 0.209 0.208 0.208 0.208 0.207 0.207 0.206 0.206 0.206 0.205 0.205 0.204 0.204 0.203 0.203 0.202 0.202 0.201 0.200 0.200 0.199 0.199 0.198 0.197 0.197 0.196 0.195 0.195 0.194 0.193 0.192 0.191 0.191 0.190 0.189 0.188 0.187 0.186 0.185 0.184 0.183 0.181 0.180 0.179 0.178 0.176 0.175 0.173 0.171 0.170 0.168 0.166 0.164 0.162 0.160 0.157 0.155 0.152 0.149 0.146 0.142 0.139 0.135 0.130 0.125 0.119 0.113 0.106 0.098 0.089 0.079 0.067 0.053 0.039 0.023 0.000
BCC_B2
300.000 302.000 312.000 322.000 332.000 342.000 352.000 362.000 372.000 382.000 392.000 402.000 412.000 422.000 432.000 442.000 452.000 462.000 472.000 482.000 492.000 502.000 511.587 512.000 522.000 532.000 542.000 552.000 562.000 565.753 565.753 566.000 568.000 570.000 572.000 574.000 576.000 578.000 580.000 582.000 584.000 586.000 588.000 590.000 592.000 594.000 596.000 598.000 600.000 602.000 604.000 606.000 608.000 610.000 612.000 614.000 616.000 618.000 620.000 622.000 624.000 626.000 628.000 630.000 632.000 634.000 636.000 638.000 640.000 642.000 644.000 646.000 648.000 650.000 652.000 654.000 656.000 658.000 660.000 662.000 664.000 666.000 668.000 670.000 672.000 674.000 676.000 678.000 680.000 682.000 684.000 686.000 688.000 690.000 692.000 694.000 696.000 698.000 700.000 702.000 704.000 706.000 708.000 710.000 712.000 714.000 716.000 718.000 720.000 722.000 724.000 726.000 728.000 730.000 732.742 734.664 734.664 740.000 750.000 760.000 770.000 780.000 790.000 800.000 810.000 820.000 830.000 840.000 850.000 860.000 870.000 880.000 890.000 900.000 910.000 920.000 930.000 940.000 950.000 960.000 970.000 980.000 990.000 1000.000 1010.000 1019.480 1019.480 1020.000 1030.000 1040.000 1050.000 1060.000 1070.000 1080.000 1090.000 1100.000 1110.000 1120.000 1130.000 1140.000 1150.000 1160.000 1170.000 1180.000 1190.000 1200.000 1210.000 1220.000 1230.000 1240.000 1250.000 1260.000 1270.000 1280.000 1290.000 1300.000 1310.000 1320.000 1330.000 1340.000 1350.000 1360.000 1370.000 1380.000 1390.000 1400.000
0.516 0.516 0.518 0.520 0.522 0.524 0.526 0.528 0.530 0.532 0.534 0.536 0.538 0.540 0.542 0.544 0.546 0.548 0.550 0.552 0.554 0.557 0.559 0.559 0.561 0.563 0.566 0.568 0.571 0.572 0.572 0.572 0.573 0.573 0.574 0.574 0.575 0.576 0.576 0.577 0.578 0.578 0.579 0.580 0.580 0.581 0.582 0.582 0.583 0.584 0.585 0.585 0.586 0.587 0.588 0.589 0.589 0.590 0.591 0.592 0.593 0.594 0.595 0.596 0.597 0.598 0.599 0.600 0.601 0.602 0.604 0.605 0.606 0.607 0.609 0.610 0.612 0.613 0.615 0.616 0.618 0.620 0.621 0.623 0.625 0.627 0.630 0.632 0.634 0.637 0.639 0.642 0.645 0.648 0.651 0.655 0.658 0.662 0.667 0.672 0.677 0.682 0.688 0.695 0.703 0.711 0.721 0.732 0.745 0.759 0.776 0.796 0.818 0.842 0.877 0.885 0.885 0.886 0.889 0.892 0.895 0.898 0.901 0.904 0.907 0.911 0.914 0.918 0.922 0.925 0.929 0.933 0.937 0.941 0.946 0.950 0.955 0.959 0.964 0.969 0.974 0.979 0.984 0.989 0.995 1.000 1.000 1.000 1.000 1.000 1.000 1.000 1.000 1.000 1.000 1.000 1.000 1.000 1.000 1.000 1.000 1.000 1.000 1.000 1.000 1.000 1.000 1.000 1.000 1.000 1.000 1.000 1.000 1.000 1.000 1.000 1.000 1.000 1.000 1.000 1.000 1.000 1.000 1.000 1.000 1.000
HCP_A3
300.000 302.000 312.000 322.000 332.000 342.000 352.000 362.000 372.000 382.000 392.000 402.000 412.000 422.000 432.000 442.000 452.000 462.000 472.000 482.000 492.000 502.000 511.587 512.000 522.000 532.000 542.000 552.000 562.000 565.753 565.753 566.000 568.000 570.000 572.000 574.000 576.000 578.000 580.000 582.000 584.000 586.000 588.000 590.000 592.000 594.000 596.000 598.000 600.000 602.000 604.000 606.000 608.000 610.000 612.000 614.000 616.000 618.000 620.000 622.000 624.000 626.000 628.000 630.000 632.000 634.000 636.000 638.000 640.000 642.000 644.000 646.000 648.000 650.000 652.000 654.000 656.000 658.000 660.000 662.000 664.000 666.000 668.000 670.000 672.000 674.000 676.000 678.000 680.000 682.000 684.000 686.000 688.000 690.000 692.000 694.000 696.000 698.000 700.000 702.000 704.000 706.000 708.000 710.000 712.000 714.000 716.000 718.000 720.000 722.000 724.000 726.000 728.000 730.000 732.742 734.664 734.664
0.232 0.232 0.232 0.232 0.231 0.231 0.231 0.231 0.231 0.231 0.230 0.230 0.230 0.229 0.229 0.229 0.228 0.227 0.227 0.226 0.225 0.224 0.224 0.224 0.222 0.221 0.220 0.219 0.217 0.216 0.216 0.216 0.216 0.216 0.215 0.215 0.214 0.214 0.214 0.213 0.213 0.212 0.212 0.212 0.211 0.211 0.210 0.210 0.209 0.209 0.208 0.208 0.207 0.206 0.206 0.205 0.205 0.204 0.203 0.203 0.202 0.201 0.201 0.200 0.199 0.198 0.198 0.197 0.196 0.195 0.194 0.193 0.192 0.191 0.190 0.189 0.188 0.187 0.186 0.185 0.184 0.182 0.181 0.180 0.178 0.177 0.175 0.173 0.172 0.170 0.168 0.166 0.164 0.162 0.159 0.157 0.154 0.151 0.148 0.145 0.141 0.138 0.133 0.129 0.123 0.117 0.111 0.103 0.095 0.085 0.074 0.061 0.046 0.030 0.007 0.000 0.000
