22 23 41 24
0.333 0.236 0.319 0.111
BCC_B2#2
700.000 704.000 714.000 717.423 717.423 718.000 720.000 722.000 724.000 726.000 728.000 730.000 732.000 734.000 736.000 737.592 740.000 750.000 760.000 770.000 780.000 790.000 800.000 810.000 820.000 830.000 840.000 844.970
0.213 0.210 0.201 0.197 0.197 0.195 0.186 0.177 0.166 0.154 0.141 0.127 0.112 0.097 0.081 0.070 0.069 0.064 0.059 0.054 0.048 0.042 0.036 0.029 0.021 0.013 0.005 0.000
BCC_B2
700.000 704.000 714.000 717.423 717.423 718.000 720.000 722.000 724.000 726.000 728.000 730.000 732.000 734.000 736.000 737.592 740.000 750.000 760.000 770.000 780.000 790.000 800.000 810.000 820.000 830.000 840.000 844.970 850.000 860.000 870.000 870.000 880.000 890.000 900.000 910.000 920.000 930.000 940.000 940.518 950.000 960.000 970.000 980.000 990.000 1000.000 1010.000 1020.000 1030.000 1040.000 1050.000 1060.000 1070.000 1080.000 1090.000 1100.000 1110.000 1120.000 1130.000 1140.000 1150.000 1160.000 1170.000 1180.000 1190.000 1200.000
0.623 0.632 0.659 0.671 0.671 0.674 0.685 0.699 0.714 0.732 0.752 0.774 0.798 0.823 0.848 0.869 0.870 0.875 0.881 0.887 0.893 0.900 0.908 0.916 0.924 0.933 0.943 0.948 0.951 0.956 0.961 0.961 0.966 0.971 0.977 0.982 0.988 0.994 1.000 1.000 1.000 1.000 1.000 1.000 1.000 1.000 1.000 1.000 1.000 1.000 1.000 1.000 1.000 1.000 1.000 1.000 1.000 1.000 1.000 1.000 1.000 1.000 1.000 1.000 1.000 1.000
HCP_A3
700.000 704.000 714.000 717.423 717.423 718.000 720.000 722.000 724.000 726.000 728.000 730.000 732.000 734.000 736.000 737.592
0.164 0.158 0.140 0.132 0.132 0.130 0.122 0.113 0.103 0.091 0.077 0.063 0.047 0.030 0.014 0.000
C15_LAVES
717.423 718.000 720.000 722.000 724.000 726.000 728.000 730.000 732.000 734.000 736.000 737.592 740.000 750.000 760.000 770.000 780.000 790.000 800.000 810.000 820.000 830.000 840.000 844.970 850.000 860.000 870.000 870.000 880.000 890.000 900.000 910.000 920.000 930.000 940.000 940.518
0.000 0.001 0.006 0.011 0.016 0.023 0.029 0.036 0.043 0.050 0.057 0.062 0.062 0.061 0.060 0.059 0.059 0.058 0.057 0.056 0.055 0.053 0.052 0.052 0.049 0.044 0.039 0.039 0.034 0.029 0.023 0.018 0.012 0.006 0.000 0.000
