22 23 41 24
0.347 0.250 0.292 0.111
BCC_B2#2
700.000 704.000 714.000 724.000 727.974 727.974 728.000 730.000 732.000 734.000 736.000 738.000 740.000 740.826 750.000 760.000 770.000 780.000 790.000 800.000 810.000 820.000 830.000 840.000 850.000 860.000 866.224
0.224 0.219 0.207 0.191 0.184 0.184 0.184 0.170 0.156 0.142 0.128 0.114 0.100 0.095 0.090 0.085 0.080 0.074 0.068 0.061 0.054 0.046 0.038 0.029 0.019 0.007 0.000
BCC_B2
700.000 704.000 714.000 724.000 727.974 727.974 728.000 730.000 732.000 734.000 736.000 738.000 740.000 740.826 750.000 760.000 770.000 780.000 790.000 800.000 810.000 820.000 830.000 840.000 850.000 860.000 866.224 870.000 880.000 890.000 900.000 906.943 906.943 910.000 920.000 930.000 940.000 950.000 960.000 970.000 980.000 990.000 1000.000 1010.000 1020.000 1030.000 1040.000 1050.000 1060.000 1070.000 1080.000 1090.000 1100.000 1110.000 1120.000 1130.000 1140.000 1150.000 1160.000 1170.000 1180.000 1190.000 1200.000
0.604 0.615 0.648 0.693 0.715 0.715 0.716 0.737 0.759 0.783 0.807 0.831 0.856 0.866 0.871 0.877 0.884 0.891 0.898 0.906 0.914 0.923 0.933 0.943 0.955 0.968 0.976 0.978 0.984 0.990 0.996 1.000 1.000 1.000 1.000 1.000 1.000 1.000 1.000 1.000 1.000 1.000 1.000 1.000 1.000 1.000 1.000 1.000 1.000 1.000 1.000 1.000 1.000 1.000 1.000 1.000 1.000 1.000 1.000 1.000 1.000 1.000 1.000
HCP_A3
700.000 704.000 714.000 724.000 727.974 727.974 728.000 730.000 732.000 734.000 736.000 738.000 740.000 740.826
0.173 0.166 0.145 0.115 0.100 0.100 0.100 0.086 0.071 0.056 0.039 0.023 0.007 0.000
C15_LAVES
727.974 728.000 730.000 732.000 734.000 736.000 738.000 740.000 740.826 750.000 760.000 770.000 780.000 790.000 800.000 810.000 820.000 830.000 840.000 850.000 860.000 866.224 870.000 880.000 890.000 900.000 906.943 906.943
0.000 0.000 0.007 0.013 0.020 0.026 0.032 0.037 0.040 0.039 0.038 0.037 0.036 0.034 0.033 0.032 0.031 0.029 0.028 0.026 0.025 0.024 0.022 0.016 0.010 0.004 0.000 0.000
