22 23 41 24
0.347 0.236 0.306 0.111
BCC_B2#2
700.000 708.000 718.000 720.268 720.268 722.000 724.000 726.000 728.000 730.000 732.000 734.000 736.000 738.000 740.000 740.003 750.000 760.000 770.000 780.000 790.000 800.000 810.000 820.000 830.000 835.454
0.215 0.208 0.197 0.194 0.194 0.187 0.176 0.165 0.152 0.138 0.123 0.109 0.094 0.080 0.065 0.065 0.060 0.055 0.049 0.043 0.037 0.030 0.022 0.014 0.005 0.000
BCC_B2
700.000 708.000 718.000 720.268 720.268 722.000 724.000 726.000 728.000 730.000 732.000 734.000 736.000 738.000 740.000 740.003 750.000 760.000 770.000 780.000 790.000 800.000 810.000 820.000 830.000 835.454 840.000 850.000 860.000 860.000 870.000 880.000 890.000 900.000 910.000 920.000 930.000 930.611 940.000 950.000 960.000 970.000 980.000 990.000 1000.000 1010.000 1020.000 1030.000 1040.000 1050.000 1060.000 1070.000 1080.000 1090.000 1100.000 1110.000 1120.000 1130.000 1140.000 1150.000 1160.000 1170.000 1180.000 1190.000 1200.000
0.607 0.627 0.659 0.668 0.668 0.679 0.694 0.711 0.731 0.752 0.775 0.799 0.824 0.849 0.874 0.874 0.880 0.886 0.892 0.899 0.907 0.915 0.923 0.932 0.942 0.948 0.950 0.955 0.961 0.961 0.966 0.971 0.977 0.982 0.988 0.994 1.000 1.000 1.000 1.000 1.000 1.000 1.000 1.000 1.000 1.000 1.000 1.000 1.000 1.000 1.000 1.000 1.000 1.000 1.000 1.000 1.000 1.000 1.000 1.000 1.000 1.000 1.000 1.000 1.000
HCP_A3
700.000 708.000 718.000 720.268 720.268 722.000 724.000 726.000 728.000 730.000 732.000 734.000 736.000 738.000 740.000 740.003
0.177 0.165 0.144 0.138 0.138 0.130 0.120 0.108 0.095 0.081 0.066 0.050 0.033 0.017 0.000 0.000
C15_LAVES
720.268 722.000 724.000 726.000 728.000 730.000 732.000 734.000 736.000 738.000 740.000 740.003 750.000 760.000 770.000 780.000 790.000 800.000 810.000 820.000 830.000 835.454 840.000 850.000 860.000 860.000 870.000 880.000 890.000 900.000 910.000 920.000 930.000 930.611
0.000 0.004 0.010 0.016 0.022 0.029 0.036 0.043 0.049 0.055 0.061 0.061 0.060 0.059 0.058 0.057 0.057 0.056 0.055 0.054 0.052 0.052 0.050 0.045 0.039 0.039 0.034 0.029 0.023 0.018 0.012 0.006 0.000 0.000
