22 23 41 24
0.347 0.319 0.222 0.111
BCC_B2#3
700.000 710.000 720.000 730.000 738.923 740.000 750.000 760.000 770.000 779.826 779.826 780.000 784.572
0.352 0.328 0.298 0.262 0.226 0.224 0.206 0.187 0.165 0.141 0.141 0.136 0.000
BCC_B2
700.000 710.000 720.000 730.000 738.923 740.000 750.000 760.000 770.000 779.826 779.826 780.000 784.572 790.000 800.000 810.000 820.000 830.000 837.458 837.458 840.000 850.000 860.000 870.000 870.000 880.000 890.000 900.000 910.000 920.000 930.000 940.000 950.000 960.000 970.000 980.000 990.000 1000.000 1010.000 1020.000 1030.000 1040.000 1050.000 1060.000 1070.000 1080.000 1090.000 1100.000 1110.000 1120.000 1130.000 1140.000 1150.000 1160.000 1170.000 1180.000 1190.000 1200.000
0.516 0.562 0.622 0.696 0.774 0.776 0.794 0.813 0.835 0.859 0.859 0.861 0.893 0.900 0.916 0.934 0.955 0.979 1.000 1.000 1.000 1.000 1.000 1.000 1.000 1.000 1.000 1.000 1.000 1.000 1.000 1.000 1.000 1.000 1.000 1.000 1.000 1.000 1.000 1.000 1.000 1.000 1.000 1.000 1.000 1.000 1.000 1.000 1.000 1.000 1.000 1.000 1.000 1.000 1.000 1.000 1.000 1.000
HCP_A3
700.000 710.000 720.000 730.000 738.923
0.132 0.110 0.080 0.042 0.000
BCC_B2#2
779.826 780.000 784.572 790.000 800.000 810.000 820.000 830.000 837.458 837.458
0.000 0.003 0.107 0.100 0.084 0.066 0.045 0.021 0.000 0.000
