22 23 41 24
0.347 0.278 0.264 0.111
BCC_B2#2
700.000 710.000 720.000 730.000 740.000 742.035 750.000 760.000 770.000 780.000 790.000 800.000 810.000 820.000 830.000 840.000 850.000 860.000 870.000 873.522
0.238 0.221 0.202 0.180 0.155 0.150 0.145 0.138 0.131 0.123 0.115 0.106 0.096 0.085 0.073 0.059 0.044 0.027 0.008 0.000
BCC_B2
700.000 710.000 720.000 730.000 740.000 742.035 750.000 760.000 770.000 780.000 790.000 800.000 810.000 820.000 830.000 840.000 850.000 860.000 870.000 873.522 880.000 890.000 900.000 910.000 920.000 930.000 940.000 950.000 950.000 960.000 970.000 980.000 990.000 1000.000 1010.000 1020.000 1030.000 1040.000 1050.000 1060.000 1070.000 1080.000 1090.000 1100.000 1110.000 1120.000 1130.000 1140.000 1150.000 1160.000 1170.000 1180.000 1190.000 1200.000
0.602 0.642 0.693 0.756 0.833 0.850 0.855 0.862 0.869 0.877 0.885 0.894 0.904 0.915 0.927 0.941 0.956 0.973 0.992 1.000 1.000 1.000 1.000 1.000 1.000 1.000 1.000 1.000 1.000 1.000 1.000 1.000 1.000 1.000 1.000 1.000 1.000 1.000 1.000 1.000 1.000 1.000 1.000 1.000 1.000 1.000 1.000 1.000 1.000 1.000 1.000 1.000 1.000 1.000
HCP_A3
700.000 710.000 720.000 730.000 740.000 742.035
0.161 0.137 0.105 0.064 0.012 0.000
