22 23 41 24
0.361 0.306 0.222 0.111
BCC_B2#3
700.000 702.000 704.000 706.000 708.000 710.000 712.000 714.000 716.000 718.000 720.000 730.000 740.000 743.212 750.000 760.000 768.368 768.368 768.368 770.000 775.712
0.345 0.341 0.337 0.333 0.328 0.323 0.318 0.313 0.307 0.301 0.295 0.260 0.220 0.206 0.194 0.175 0.157 0.157 0.157 0.126 0.000
BCC_B2
700.000 702.000 704.000 706.000 708.000 710.000 712.000 714.000 716.000 718.000 720.000 730.000 740.000 743.212 750.000 760.000 768.368 768.368 768.368 770.000 775.712 780.000 790.000 800.000 810.000 820.000 830.000 840.000 840.165 840.165 850.000 860.000 870.000 870.000 880.000 890.000 900.000 910.000 920.000 930.000 940.000 950.000 960.000 970.000 980.000 990.000 1000.000 1010.000 1020.000 1030.000 1040.000 1050.000 1060.000 1070.000 1080.000 1090.000 1100.000 1110.000 1120.000 1130.000 1140.000 1150.000 1160.000 1170.000 1180.000 1190.000 1200.000
0.502 0.510 0.518 0.526 0.535 0.545 0.555 0.566 0.578 0.590 0.603 0.675 0.763 0.794 0.806 0.825 0.843 0.843 0.843 0.852 0.885 0.890 0.903 0.918 0.934 0.953 0.974 1.000 1.000 1.000 1.000 1.000 1.000 1.000 1.000 1.000 1.000 1.000 1.000 1.000 1.000 1.000 1.000 1.000 1.000 1.000 1.000 1.000 1.000 1.000 1.000 1.000 1.000 1.000 1.000 1.000 1.000 1.000 1.000 1.000 1.000 1.000 1.000 1.000 1.000 1.000 1.000
HCP_A3
700.000 702.000 704.000 706.000 708.000 710.000 712.000 714.000 716.000 718.000 720.000 730.000 740.000 743.212
0.152 0.149 0.145 0.141 0.136 0.131 0.126 0.121 0.115 0.109 0.103 0.065 0.017 0.000
BCC_B2#2
768.368 770.000 775.712 780.000 790.000 800.000 810.000 820.000 830.000 840.000 840.165 840.165
0.000 0.022 0.115 0.110 0.097 0.082 0.066 0.047 0.026 0.000 0.000 0.000
