22 23 41 24
0.361 0.236 0.292 0.111
BCC_B2#2
700.000 710.000 720.000 722.540 722.540 724.000 726.000 728.000 730.000 732.000 734.000 736.000 738.000 740.000 742.729 750.000 760.000 770.000 780.000 790.000 800.000 810.000 820.000 828.740
0.220 0.210 0.198 0.195 0.195 0.187 0.176 0.164 0.150 0.136 0.122 0.108 0.094 0.081 0.063 0.059 0.053 0.047 0.040 0.033 0.025 0.017 0.008 0.000
BCC_B2
700.000 710.000 720.000 722.540 722.540 724.000 726.000 728.000 730.000 732.000 734.000 736.000 738.000 740.000 742.729 750.000 760.000 770.000 780.000 790.000 800.000 810.000 820.000 828.740 830.000 840.000 850.000 850.000 860.000 870.000 880.000 890.000 900.000 910.000 920.000 922.554 930.000 940.000 950.000 960.000 970.000 980.000 990.000 1000.000 1010.000 1020.000 1030.000 1040.000 1050.000 1060.000 1070.000 1080.000 1090.000 1100.000 1110.000 1120.000 1130.000 1140.000 1150.000 1160.000 1170.000 1180.000 1190.000 1200.000
0.588 0.614 0.649 0.660 0.660 0.671 0.687 0.706 0.727 0.749 0.772 0.796 0.820 0.844 0.878 0.882 0.889 0.896 0.903 0.911 0.920 0.929 0.939 0.948 0.949 0.954 0.959 0.959 0.964 0.970 0.975 0.981 0.987 0.992 0.998 1.000 1.000 1.000 1.000 1.000 1.000 1.000 1.000 1.000 1.000 1.000 1.000 1.000 1.000 1.000 1.000 1.000 1.000 1.000 1.000 1.000 1.000 1.000 1.000 1.000 1.000 1.000 1.000 1.000
HCP_A3
700.000 710.000 720.000 722.540 722.540 724.000 726.000 728.000 730.000 732.000 734.000 736.000 738.000 740.000 742.729
0.192 0.175 0.153 0.146 0.146 0.138 0.127 0.114 0.100 0.086 0.070 0.054 0.038 0.022 0.000
C15_LAVES
722.540 724.000 726.000 728.000 730.000 732.000 734.000 736.000 738.000 740.000 742.729 750.000 760.000 770.000 780.000 790.000 800.000 810.000 820.000 828.740 830.000 840.000 850.000 850.000 860.000 870.000 880.000 890.000 900.000 910.000 920.000 922.554
0.000 0.004 0.010 0.016 0.022 0.029 0.035 0.042 0.047 0.053 0.060 0.059 0.058 0.058 0.057 0.056 0.055 0.054 0.053 0.052 0.051 0.046 0.041 0.041 0.036 0.030 0.025 0.019 0.013 0.008 0.002 0.000
