22 23 41 24
0.375 0.208 0.306 0.111
C15_LAVES
300.000 302.000 312.000 322.000 332.000 342.000 352.000 362.000 372.000 382.000 390.088 nan 694.942 696.000 698.000 700.000 702.000 704.000 706.000 708.000 710.000 712.000 714.000 716.000 718.000 720.000 722.000 724.000 726.000 728.000 730.000 732.000 734.000 736.000 738.000 740.000 743.729 746.814 750.000 760.000 770.000 770.000 780.000 790.000 800.000 810.000 820.000 830.000 840.000 850.000 860.000 870.000 880.000 890.000 900.000 910.000 920.000 930.000 940.000 950.000 960.000 962.733
0.028 0.028 0.024 0.021 0.017 0.014 0.011 0.008 0.005 0.002 0.000 nan 0.000 0.001 0.002 0.004 0.006 0.007 0.009 0.012 0.014 0.017 0.020 0.023 0.027 0.031 0.036 0.041 0.047 0.054 0.060 0.067 0.074 0.080 0.086 0.091 0.101 0.101 0.100 0.096 0.092 0.092 0.089 0.085 0.081 0.077 0.072 0.068 0.064 0.059 0.054 0.050 0.045 0.040 0.035 0.029 0.024 0.019 0.013 0.007 0.002 0.000
BCC_B2#2
300.000 302.000 312.000 322.000 332.000 342.000 352.000 362.000 372.000 382.000 390.088 392.000 402.000 412.000 422.000 432.000 442.000 452.000 462.000 472.000 482.000 492.000 502.000 512.000 522.000 532.000 542.000 552.000 562.000 572.000 582.000 592.000 602.000 612.000 622.000 632.000 642.000 652.000 662.000 672.000 682.000 692.000 694.942 694.942 696.000 698.000 700.000 702.000 704.000 706.000 708.000 710.000 712.000 714.000 716.000 718.000 720.000 722.000 724.000 726.000 728.000 730.000 732.000 734.000 736.000 738.000 740.000 743.729 746.814
0.242 0.242 0.244 0.245 0.246 0.248 0.249 0.250 0.251 0.252 0.252 0.252 0.251 0.251 0.250 0.249 0.248 0.247 0.246 0.246 0.245 0.244 0.243 0.242 0.241 0.240 0.239 0.238 0.237 0.235 0.234 0.233 0.231 0.230 0.228 0.227 0.225 0.223 0.220 0.217 0.214 0.210 0.208 0.208 0.207 0.205 0.202 0.199 0.196 0.193 0.189 0.185 0.180 0.175 0.169 0.162 0.154 0.146 0.135 0.124 0.111 0.098 0.083 0.069 0.055 0.040 0.027 0.002 0.000
BCC_B2
300.000 302.000 312.000 322.000 332.000 342.000 352.000 362.000 372.000 382.000 390.088 392.000 402.000 412.000 422.000 432.000 442.000 452.000 462.000 472.000 482.000 492.000 502.000 512.000 522.000 532.000 542.000 552.000 562.000 572.000 582.000 592.000 602.000 612.000 622.000 632.000 642.000 652.000 662.000 672.000 682.000 692.000 694.942 694.942 696.000 698.000 700.000 702.000 704.000 706.000 708.000 710.000 712.000 714.000 716.000 718.000 720.000 722.000 724.000 726.000 728.000 730.000 732.000 734.000 736.000 738.000 740.000 743.729 746.814 750.000 760.000 770.000 770.000 780.000 790.000 800.000 810.000 820.000 830.000 840.000 850.000 860.000 870.000 880.000 890.000 900.000 910.000 920.000 930.000 940.000 950.000 960.000 962.733 962.733 970.000 980.000 990.000 1000.000 1010.000 1020.000 1030.000 1040.000 1050.000 1060.000 1070.000 1080.000 1090.000 1100.000 1110.000 1120.000 1130.000 1140.000 1150.000 1160.000 1170.000 1180.000 1190.000 1200.000 1210.000 1220.000 1230.000 1240.000 1250.000 1260.000 1270.000 1280.000 1290.000 1300.000 1310.000 1320.000 1330.000 1340.000 1350.000 1360.000 1370.000 1380.000 1390.000 1400.000
0.444 0.444 0.446 0.448 0.451 0.453 0.455 0.457 0.459 0.461 0.463 0.463 0.464 0.465 0.466 0.468 0.469 0.470 0.472 0.473 0.475 0.476 0.478 0.480 0.482 0.484 0.486 0.489 0.491 0.494 0.497 0.501 0.504 0.508 0.513 0.518 0.523 0.530 0.537 0.546 0.556 0.568 0.572 0.572 0.574 0.578 0.581 0.585 0.590 0.595 0.600 0.606 0.612 0.620 0.628 0.638 0.649 0.661 0.676 0.693 0.712 0.733 0.755 0.779 0.803 0.827 0.851 0.897 0.899 0.900 0.904 0.908 0.908 0.911 0.915 0.919 0.923 0.928 0.932 0.936 0.941 0.946 0.950 0.955 0.960 0.965 0.971 0.976 0.981 0.987 0.993 0.998 1.000 1.000 1.000 1.000 1.000 1.000 1.000 1.000 1.000 1.000 1.000 1.000 1.000 1.000 1.000 1.000 1.000 1.000 1.000 1.000 1.000 1.000 1.000 1.000 1.000 1.000 1.000 1.000 1.000 1.000 1.000 1.000 1.000 1.000 1.000 1.000 1.000 1.000 1.000 1.000 1.000 1.000 1.000 1.000 1.000 1.000
HCP_A3
300.000 302.000 312.000 322.000 332.000 342.000 352.000 362.000 372.000 382.000 390.088 392.000 402.000 412.000 422.000 432.000 442.000 452.000 462.000 472.000 482.000 492.000 502.000 512.000 522.000 532.000 542.000 552.000 562.000 572.000 582.000 592.000 602.000 612.000 622.000 632.000 642.000 652.000 662.000 672.000 682.000 692.000 694.942 694.942 696.000 698.000 700.000 702.000 704.000 706.000 708.000 710.000 712.000 714.000 716.000 718.000 720.000 722.000 724.000 726.000 728.000 730.000 732.000 734.000 736.000 738.000 740.000 743.729
0.286 0.286 0.286 0.286 0.286 0.286 0.285 0.285 0.285 0.285 0.285 0.285 0.284 0.284 0.284 0.283 0.283 0.283 0.282 0.281 0.281 0.280 0.279 0.278 0.277 0.276 0.275 0.274 0.272 0.270 0.269 0.266 0.264 0.262 0.259 0.256 0.252 0.248 0.243 0.237 0.230 0.222 0.219 0.219 0.218 0.215 0.213 0.210 0.207 0.203 0.199 0.195 0.191 0.186 0.180 0.173 0.166 0.157 0.147 0.136 0.123 0.109 0.094 0.079 0.063 0.047 0.030 0.000
