22 23 41 24
0.375 0.264 0.236 0.125
C15_LAVES
300.000 306.000 316.000 319.779 nan 737.110 738.000 740.000 742.000 744.000 746.000 748.000 750.000 750.479 760.000 770.000 780.000 790.000 800.000 810.000 820.000 830.000 840.000 850.000 860.000 870.000 880.000 886.945 886.945 889.405
0.010 0.007 0.002 0.000 nan 0.000 0.002 0.007 0.011 0.014 0.018 0.021 0.024 0.025 0.023 0.022 0.021 0.019 0.017 0.016 0.014 0.013 0.011 0.009 0.007 0.005 0.003 0.002 0.002 0.000
BCC_B2#2
300.000 306.000 316.000 319.779 326.000 336.000 346.000 356.000 366.000 376.000 386.000 396.000 406.000 416.000 426.000 436.000 446.000 456.000 466.000 476.000 486.000 496.000 506.000 516.000 526.000 536.000 538.984 538.984 546.000 556.000 566.000 576.000 586.000 596.000 606.000 616.000 626.000 636.000 645.511 646.000 656.000 666.000 676.000 686.000 696.000 706.000 709.570 709.570 710.000 712.000 714.000 716.000 718.000 720.000 722.000 724.000 726.000 728.000 730.000 730.868 734.000 737.110 737.110 737.110 738.000 740.000 742.000 744.000 746.000 748.000 750.000 750.479 760.000 770.000 780.000 790.000 800.000 810.000 820.000 830.000 840.000 850.000 860.000 870.000 880.000 886.945 886.945 889.405 889.405 890.000 900.000 910.000 920.000 930.000 940.000 950.000 960.000 970.000 980.000 990.000 1000.000 1010.000 1020.000 1030.000 1040.000 1050.000 1060.000 1070.000 1080.000 1090.000 1100.000 1110.000 1120.000 1130.000 1140.000 1150.000 1160.000 1170.000 1180.000 1190.000 1200.000 1210.000 1220.000 1230.000 1240.000 1250.000 1260.000 1270.000 1280.000 1290.000 1300.000 1310.000 1320.000 1330.000 1340.000 1350.000 1360.000 1370.000 1380.000 1390.000 1400.000
0.365 0.367 0.369 0.371 0.371 0.371 0.372 0.373 0.373 0.374 0.375 0.376 0.377 0.377 0.378 0.379 0.381 0.382 0.383 0.384 0.386 0.387 0.389 0.391 0.392 0.394 0.395 0.395 0.395 0.395 0.396 0.397 0.399 0.400 0.402 0.404 0.406 0.409 0.413 0.413 0.418 0.425 0.433 0.443 0.457 0.477 0.487 0.487 0.488 0.496 0.505 0.515 0.527 0.540 0.556 0.574 0.595 0.618 0.643 0.654 0.675 0.698 0.698 0.698 0.707 0.728 0.749 0.770 0.791 0.813 0.834 0.839 0.846 0.853 0.861 0.869 0.878 0.887 0.898 0.909 0.921 0.935 0.949 0.966 0.984 0.998 0.998 1.000 1.000 1.000 1.000 1.000 1.000 1.000 1.000 1.000 1.000 1.000 1.000 1.000 1.000 1.000 1.000 1.000 1.000 1.000 1.000 1.000 1.000 1.000 1.000 1.000 1.000 1.000 1.000 1.000 1.000 1.000 1.000 1.000 1.000 1.000 1.000 1.000 1.000 1.000 1.000 1.000 1.000 1.000 1.000 1.000 1.000 1.000 1.000 1.000 1.000 1.000 1.000 1.000 1.000
BCC_B2
300.000 306.000 316.000 319.779 326.000 336.000 346.000 356.000 366.000 376.000 386.000 396.000 406.000 416.000 426.000 436.000 446.000 456.000 466.000 476.000 486.000 496.000 506.000 516.000 526.000 536.000 538.984 538.984 546.000 556.000 566.000 576.000 586.000 596.000 606.000 616.000 626.000 636.000 645.511 nan 709.570 710.000 712.000 714.000 716.000 718.000 720.000 722.000 724.000 726.000 728.000 730.000 730.868 734.000 737.110 737.110 737.110 738.000 740.000 742.000 744.000 746.000 748.000 750.000 750.479 760.000 770.000 780.000 790.000 800.000 810.000 820.000 830.000 840.000 850.000 860.000 870.000 880.000 886.945
0.325 0.327 0.329 0.330 0.329 0.329 0.329 0.328 0.328 0.327 0.326 0.326 0.325 0.325 0.324 0.324 0.323 0.322 0.322 0.321 0.320 0.320 0.319 0.318 0.318 0.317 0.317 0.317 0.252 0.190 0.148 0.116 0.091 0.071 0.053 0.038 0.024 0.011 0.000 nan 0.000 0.002 0.010 0.021 0.034 0.049 0.068 0.089 0.115 0.143 0.174 0.207 0.221 0.214 0.207 0.207 0.207 0.202 0.191 0.179 0.169 0.158 0.148 0.138 0.136 0.131 0.125 0.119 0.112 0.105 0.097 0.088 0.079 0.068 0.057 0.044 0.029 0.013 0.000
HCP_A3
300.000 306.000 316.000 319.779 326.000 336.000 346.000 356.000 366.000 376.000 386.000 396.000 406.000 416.000 426.000 436.000 446.000 456.000 466.000 476.000 486.000 496.000 506.000 516.000 526.000 536.000 538.984 538.984 546.000 556.000 566.000 576.000 586.000 596.000 606.000 616.000 626.000 636.000 645.511 646.000 656.000 666.000 676.000 686.000 696.000 706.000 709.570 709.570 710.000 712.000 714.000 716.000 718.000 720.000 722.000 724.000 726.000 728.000 730.000 730.868 734.000 737.110 737.110 737.110 738.000 740.000 742.000 744.000 746.000 748.000 750.000 750.479
0.300 0.300 0.300 0.300 0.300 0.300 0.299 0.299 0.299 0.299 0.299 0.298 0.298 0.298 0.297 0.297 0.297 0.296 0.295 0.295 0.294 0.293 0.292 0.291 0.290 0.289 0.288 0.288 0.278 0.267 0.260 0.254 0.249 0.245 0.241 0.237 0.234 0.230 0.226 0.226 0.223 0.219 0.214 0.209 0.201 0.190 0.185 0.185 0.185 0.182 0.178 0.175 0.171 0.166 0.160 0.154 0.146 0.138 0.129 0.124 0.110 0.095 0.095 0.095 0.089 0.075 0.061 0.047 0.032 0.018 0.003 0.000
BCC_B2#3
538.984 546.000 556.000 566.000 576.000 586.000 596.000 606.000 616.000 626.000 636.000 645.511 646.000 656.000 666.000 676.000 686.000 696.000 706.000 709.570 709.570 710.000 712.000 714.000 716.000 718.000 720.000 722.000 724.000 726.000 728.000 730.000 730.868
0.000 0.076 0.147 0.196 0.233 0.261 0.284 0.304 0.321 0.336 0.349 0.361 0.361 0.359 0.356 0.353 0.349 0.342 0.333 0.328 0.328 0.325 0.312 0.296 0.277 0.254 0.227 0.194 0.157 0.116 0.070 0.022 0.000
