22 23 41 24
0.389 0.236 0.250 0.125
C15_LAVES
300.000 308.000 318.000 328.000 338.000 348.000 358.000 368.000 376.068 nan 721.661 722.000 724.000 726.000 728.000 730.000 732.000 734.000 736.000 738.000 740.000 742.000 744.000 746.000 748.000 750.000 751.503 760.000 770.000 780.000 790.000 800.000 810.000 820.000 830.000 834.255 840.000 850.000 860.000 870.000 880.000 890.000 900.000 910.000 920.000 930.000 930.848
0.031 0.027 0.023 0.019 0.015 0.011 0.007 0.003 0.000 nan 0.000 0.001 0.005 0.010 0.015 0.021 0.027 0.032 0.037 0.042 0.047 0.051 0.055 0.059 0.062 0.065 0.068 0.067 0.066 0.065 0.064 0.063 0.062 0.061 0.059 0.059 0.056 0.050 0.044 0.038 0.032 0.026 0.020 0.014 0.007 0.001 0.000
BCC_B2#2
300.000 308.000 318.000 328.000 338.000 348.000 358.000 368.000 376.068 378.000 388.000 398.000 408.000 418.000 428.000 438.000 448.000 458.000 468.000 478.000 488.000 498.000 508.000 518.000 528.000 538.000 548.000 558.000 568.000 578.000 585.338 585.338 588.000 598.000 608.000 618.000 628.000 638.000 648.000 658.000 668.000 678.000 688.000 698.000 708.000 712.340 718.000 721.661 721.661 721.661 722.000 724.000 726.000 728.000 730.000 732.000 734.000 736.000 738.000 740.000 742.000 744.000 746.000 748.000 750.000 751.503 760.000 770.000 780.000 790.000 800.000 810.000 820.000 830.000 834.255
0.287 0.289 0.291 0.293 0.295 0.296 0.298 0.299 0.300 0.300 0.300 0.299 0.299 0.298 0.297 0.297 0.296 0.295 0.295 0.294 0.293 0.293 0.292 0.291 0.290 0.290 0.289 0.288 0.287 0.286 0.286 0.286 0.278 0.254 0.234 0.217 0.203 0.192 0.183 0.176 0.171 0.171 0.176 0.190 0.222 0.247 0.240 0.235 0.235 0.235 0.234 0.225 0.216 0.205 0.194 0.181 0.169 0.157 0.145 0.134 0.122 0.111 0.101 0.090 0.080 0.073 0.067 0.060 0.053 0.045 0.036 0.027 0.016 0.005 0.000
BCC_B2
300.000 308.000 318.000 328.000 338.000 348.000 358.000 368.000 376.068 378.000 388.000 398.000 408.000 418.000 428.000 438.000 448.000 458.000 468.000 478.000 488.000 498.000 508.000 518.000 528.000 538.000 548.000 558.000 568.000 578.000 585.338 585.338 588.000 598.000 608.000 618.000 628.000 638.000 648.000 658.000 668.000 678.000 688.000 698.000 708.000 712.340 718.000 721.661 721.661 721.661 722.000 724.000 726.000 728.000 730.000 732.000 734.000 736.000 738.000 740.000 742.000 744.000 746.000 748.000 750.000 751.503 760.000 770.000 780.000 790.000 800.000 810.000 820.000 830.000 834.255 840.000 850.000 860.000 870.000 880.000 890.000 900.000 910.000 920.000 930.000 930.848 930.848 940.000 950.000 960.000 970.000 980.000 990.000 1000.000 1010.000 1020.000 1030.000 1040.000 1050.000 1060.000 1070.000 1080.000 1090.000 1100.000 1110.000 1120.000 1130.000 1140.000 1150.000 1160.000 1170.000 1180.000 1190.000 1200.000 1210.000 1220.000 1230.000 1240.000 1250.000 1260.000 1270.000 1280.000 1290.000 1300.000 1310.000 1320.000 1330.000 1340.000 1350.000 1360.000 1370.000 1380.000 1390.000 1400.000
0.373 0.376 0.378 0.381 0.383 0.385 0.388 0.390 0.392 0.392 0.393 0.394 0.395 0.396 0.397 0.398 0.399 0.400 0.401 0.402 0.404 0.405 0.407 0.408 0.410 0.412 0.414 0.416 0.419 0.421 0.424 0.424 0.424 0.426 0.428 0.431 0.434 0.438 0.443 0.448 0.455 0.464 0.476 0.494 0.521 0.538 0.556 0.570 0.570 0.570 0.572 0.585 0.599 0.616 0.634 0.653 0.673 0.694 0.715 0.736 0.758 0.779 0.800 0.822 0.843 0.860 0.866 0.874 0.882 0.891 0.901 0.912 0.923 0.936 0.941 0.944 0.950 0.956 0.962 0.968 0.974 0.980 0.986 0.993 0.999 1.000 1.000 1.000 1.000 1.000 1.000 1.000 1.000 1.000 1.000 1.000 1.000 1.000 1.000 1.000 1.000 1.000 1.000 1.000 1.000 1.000 1.000 1.000 1.000 1.000 1.000 1.000 1.000 1.000 1.000 1.000 1.000 1.000 1.000 1.000 1.000 1.000 1.000 1.000 1.000 1.000 1.000 1.000 1.000 1.000 1.000 1.000 1.000 1.000
HCP_A3
300.000 308.000 318.000 328.000 338.000 348.000 358.000 368.000 376.068 378.000 388.000 398.000 408.000 418.000 428.000 438.000 448.000 458.000 468.000 478.000 488.000 498.000 508.000 518.000 528.000 538.000 548.000 558.000 568.000 578.000 585.338 585.338 588.000 598.000 608.000 618.000 628.000 638.000 648.000 658.000 668.000 678.000 688.000 698.000 708.000 712.340 718.000 721.661 721.661 721.661 722.000 724.000 726.000 728.000 730.000 732.000 734.000 736.000 738.000 740.000 742.000 744.000 746.000 748.000 750.000 751.503
0.308 0.308 0.308 0.308 0.308 0.308 0.308 0.308 0.307 0.307 0.307 0.307 0.307 0.306 0.306 0.306 0.305 0.305 0.304 0.304 0.303 0.302 0.301 0.300 0.299 0.298 0.297 0.296 0.294 0.292 0.291 0.291 0.289 0.284 0.279 0.275 0.271 0.266 0.262 0.257 0.252 0.247 0.241 0.233 0.222 0.215 0.204 0.195 0.195 0.195 0.193 0.185 0.175 0.164 0.152 0.139 0.125 0.111 0.097 0.083 0.069 0.055 0.040 0.026 0.011 0.000
BCC_B2#3
585.338 588.000 598.000 608.000 618.000 628.000 638.000 648.000 658.000 668.000 678.000 688.000 698.000 708.000 712.340
0.000 0.008 0.036 0.058 0.077 0.092 0.104 0.113 0.119 0.121 0.118 0.107 0.084 0.035 0.000
