22 23 41 24
0.389 0.278 0.222 0.111
BCC_B2#3
300.000 301.200 311.200 321.200 331.200 341.200 351.200 361.200 371.200 381.200 391.200 401.200 411.200 421.200 431.200 441.200 451.200 461.200 471.200 481.200 491.200 501.200 511.200 516.006 516.006 521.200 524.712 531.200 541.200 542.000 542.000 544.000 546.000 548.000 550.000 552.000 554.000 556.000 558.000 560.000 562.000 564.000 566.000 568.000 570.000 572.000 574.000 576.000 578.000 580.000 582.000 584.000 586.000 588.000 590.000 592.000 594.000 596.000 598.000 600.000 602.000 604.000 606.000 608.000 610.000 612.000 614.000 616.000 618.000 620.000 622.000 624.000 626.000 628.000 630.000 632.000 634.000 636.000 638.000 640.000 642.000 644.000 646.000 648.000 650.000 652.000 654.000 656.000 658.000 660.000 662.000 664.000 666.000 668.000 670.000 672.000 674.000 676.000 678.000 680.000 682.000 684.000 686.000 688.000 690.000 692.000 694.000 696.000 698.000 700.000 702.000 704.000 706.000 708.000 710.000 712.000 714.000 716.000 718.000 720.000 722.000 724.000 726.000 728.000 730.000 732.000 734.000 736.000 739.757 739.757 740.000 742.000 744.000 746.000 748.000 750.000 750.502
0.352 0.352 0.352 0.353 0.353 0.354 0.355 0.355 0.356 0.357 0.358 0.359 0.359 0.360 0.361 0.363 0.364 0.365 0.366 0.368 0.369 0.371 0.373 0.374 0.374 0.372 0.371 0.372 0.373 0.547 0.373 0.373 0.373 0.373 0.373 0.373 0.373 0.373 0.373 0.373 0.373 0.373 0.373 0.372 0.372 0.372 0.372 0.372 0.372 0.372 0.372 0.372 0.371 0.371 0.371 0.371 0.371 0.371 0.371 0.370 0.370 0.370 0.370 0.370 0.370 0.369 0.369 0.369 0.369 0.369 0.368 0.368 0.368 0.368 0.367 0.367 0.367 0.366 0.366 0.366 0.365 0.365 0.365 0.364 0.364 0.363 0.363 0.362 0.362 0.361 0.360 0.360 0.359 0.358 0.357 0.356 0.355 0.354 0.353 0.352 0.351 0.349 0.348 0.346 0.344 0.342 0.340 0.338 0.336 0.333 0.330 0.327 0.324 0.320 0.316 0.312 0.308 0.303 0.297 0.292 0.286 0.280 0.273 0.266 0.259 0.251 0.244 0.236 0.220 0.220 0.215 0.174 0.133 0.093 0.052 0.010 0.000
BCC_B2
300.000 301.200 311.200 321.200 331.200 341.200 351.200 361.200 371.200 381.200 391.200 401.200 411.200 421.200 431.200 441.200 451.200 461.200 471.200 481.200 491.200 501.200 511.200 516.006 516.006 521.200 524.712 nan 739.757 740.000 742.000 744.000 746.000 748.000 750.000 750.502 751.266 751.266 760.000 770.000 780.000 790.000 800.000 810.000 820.000 830.000 840.000 850.000 850.245
0.334 0.334 0.333 0.333 0.332 0.332 0.331 0.331 0.330 0.330 0.329 0.329 0.328 0.328 0.327 0.326 0.326 0.325 0.325 0.324 0.323 0.323 0.322 0.322 0.322 0.068 0.000 nan 0.000 0.003 0.029 0.055 0.080 0.106 0.132 0.138 0.136 0.136 0.129 0.119 0.109 0.098 0.086 0.073 0.058 0.041 0.022 0.001 0.000
HCP_A3
300.000 301.200 311.200 321.200 331.200 341.200 351.200 361.200 371.200 381.200 391.200 401.200 411.200 421.200 431.200 441.200 451.200 461.200 471.200 481.200 491.200 501.200 511.200 516.006 516.006 521.200 524.712 531.200 541.200 542.000 542.000 544.000 546.000 548.000 550.000 552.000 554.000 556.000 558.000 560.000 562.000 564.000 566.000 568.000 570.000 572.000 574.000 576.000 578.000 580.000 582.000 584.000 586.000 588.000 590.000 592.000 594.000 596.000 598.000 600.000 602.000 604.000 606.000 608.000 610.000 612.000 614.000 616.000 618.000 620.000 622.000 624.000 626.000 628.000 630.000 632.000 634.000 636.000 638.000 640.000 642.000 644.000 646.000 648.000 650.000 652.000 654.000 656.000 658.000 660.000 662.000 664.000 666.000 668.000 670.000 672.000 674.000 676.000 678.000 680.000 682.000 684.000 686.000 688.000 690.000 692.000 694.000 696.000 698.000 700.000 702.000 704.000 706.000 708.000 710.000 712.000 714.000 716.000 718.000 720.000 722.000 724.000 726.000 728.000 730.000 732.000 734.000 736.000 739.757 739.757 740.000 742.000 744.000 746.000 748.000 750.000 750.502 751.266 751.266
0.314 0.314 0.314 0.314 0.314 0.314 0.314 0.314 0.313 0.313 0.313 0.313 0.312 0.312 0.311 0.311 0.310 0.310 0.309 0.308 0.307 0.306 0.305 0.305 0.305 0.266 0.255 0.254 0.253 0.453 0.253 0.253 0.253 0.253 0.252 0.252 0.252 0.252 0.251 0.251 0.251 0.251 0.250 0.250 0.250 0.250 0.249 0.249 0.249 0.248 0.248 0.248 0.248 0.247 0.247 0.247 0.246 0.246 0.246 0.245 0.245 0.244 0.244 0.244 0.243 0.243 0.242 0.242 0.241 0.241 0.240 0.240 0.239 0.239 0.238 0.238 0.237 0.236 0.236 0.235 0.235 0.234 0.233 0.232 0.232 0.231 0.230 0.229 0.228 0.227 0.226 0.225 0.224 0.223 0.222 0.221 0.220 0.218 0.217 0.215 0.214 0.212 0.211 0.209 0.207 0.205 0.203 0.200 0.198 0.195 0.192 0.189 0.186 0.182 0.178 0.174 0.169 0.164 0.159 0.153 0.147 0.140 0.133 0.125 0.117 0.108 0.099 0.090 0.071 0.071 0.069 0.058 0.046 0.034 0.021 0.008 0.005 0.000 0.000
BCC_B2#2
516.006 521.200 524.712 531.200 541.200 542.000 542.000 544.000 546.000 548.000 550.000 552.000 554.000 556.000 558.000 560.000 562.000 564.000 566.000 568.000 570.000 572.000 574.000 576.000 578.000 580.000 582.000 584.000 586.000 588.000 590.000 592.000 594.000 596.000 598.000 600.000 602.000 604.000 606.000 608.000 610.000 612.000 614.000 616.000 618.000 620.000 622.000 624.000 626.000 628.000 630.000 632.000 634.000 636.000 638.000 640.000 642.000 644.000 646.000 648.000 650.000 652.000 654.000 656.000 658.000 660.000 662.000 664.000 666.000 668.000 670.000 672.000 674.000 676.000 678.000 680.000 682.000 684.000 686.000 688.000 690.000 692.000 694.000 696.000 698.000 700.000 702.000 704.000 706.000 708.000 710.000 712.000 714.000 716.000 718.000 720.000 722.000 724.000 726.000 728.000 730.000 732.000 734.000 736.000 739.757 739.757 740.000 742.000 744.000 746.000 748.000 750.000 750.502 751.266 751.266 760.000 770.000 780.000 790.000 800.000 810.000 820.000 830.000 840.000 850.000 850.245 850.245 860.000 870.000 880.000 890.000 900.000 910.000 920.000 930.000 940.000 950.000 960.000 970.000 980.000 990.000 1000.000 1010.000 1020.000 1030.000 1040.000 1050.000 1060.000 1070.000 1080.000 1090.000 1100.000 1110.000 1120.000 1130.000 1140.000 1150.000 1160.000 1170.000 1180.000 1190.000 1200.000 1210.000 1220.000 1230.000 1240.000 1250.000 1260.000 1270.000 1280.000 1290.000 1300.000 1310.000 1320.000 1330.000 1340.000 1350.000 1360.000 1370.000 1380.000 1390.000 1400.000
0.000 0.294 0.374 0.374 0.374 0.000 0.374 0.374 0.374 0.374 0.374 0.375 0.375 0.375 0.376 0.376 0.376 0.377 0.377 0.377 0.378 0.378 0.379 0.379 0.379 0.380 0.380 0.381 0.381 0.381 0.382 0.382 0.383 0.383 0.384 0.384 0.385 0.385 0.386 0.387 0.387 0.388 0.388 0.389 0.390 0.391 0.391 0.392 0.393 0.394 0.394 0.395 0.396 0.397 0.398 0.399 0.400 0.401 0.402 0.404 0.405 0.406 0.407 0.409 0.410 0.412 0.413 0.415 0.417 0.419 0.421 0.423 0.425 0.427 0.430 0.433 0.435 0.438 0.442 0.445 0.449 0.453 0.457 0.462 0.466 0.472 0.477 0.484 0.490 0.498 0.505 0.514 0.523 0.533 0.544 0.555 0.567 0.580 0.594 0.609 0.624 0.640 0.657 0.675 0.709 0.709 0.713 0.739 0.766 0.794 0.821 0.850 0.857 0.864 0.864 0.871 0.881 0.891 0.902 0.914 0.927 0.942 0.959 0.978 0.999 1.000 1.000 1.000 1.000 1.000 1.000 1.000 1.000 1.000 1.000 1.000 1.000 1.000 1.000 1.000 1.000 1.000 1.000 1.000 1.000 1.000 1.000 1.000 1.000 1.000 1.000 1.000 1.000 1.000 1.000 1.000 1.000 1.000 1.000 1.000 1.000 1.000 1.000 1.000 1.000 1.000 1.000 1.000 1.000 1.000 1.000 1.000 1.000 1.000 1.000 1.000 1.000 1.000 1.000 1.000 1.000 1.000
