22 23 41 24
0.389 0.264 0.208 0.139
C15_LAVES
300.000 310.000 320.000 330.000 340.000 350.000 360.000 367.865 nan 736.031 738.000 740.000 742.000 744.000 746.000 748.000 750.000 757.633 760.000 770.000 780.000 790.000 800.000 810.000 820.000 830.000 840.000 850.000 860.000 870.000 880.000 890.000 893.611 893.611 900.000 900.045
0.033 0.028 0.023 0.018 0.013 0.008 0.004 0.000 nan 0.000 0.004 0.008 0.011 0.015 0.017 0.020 0.023 0.030 0.030 0.028 0.027 0.025 0.023 0.022 0.020 0.018 0.016 0.014 0.012 0.010 0.008 0.006 0.005 0.005 0.000 0.000
BCC_B2#2
300.000 310.000 320.000 330.000 340.000 350.000 360.000 367.865 370.000 380.000 390.000 400.000 410.000 420.000 430.000 440.000 450.000 460.000 470.000 480.000 490.000 500.000 510.000 520.000 530.000 540.000 550.000 560.000 563.649 563.649 564.000 566.000 568.000 570.000 572.000 574.000 576.000 578.000 580.000 582.000 584.000 586.000 588.000 590.000 592.000 594.000 596.000 598.000 600.000 602.000 604.000 606.000 608.000 610.000 612.000 614.000 616.000 618.000 620.000 622.000 624.000 626.000 628.000 630.000 632.000 634.000 636.000 638.000 640.000 642.000 644.000 646.000 648.000 650.000 652.000 654.000 656.000 658.000 660.000 662.000 664.000 666.000 668.000 670.000 672.000 674.000 676.000 678.000 680.000 682.000 684.000 686.000 688.000 690.000 692.000 694.000 696.000 698.000 700.000 702.000 704.000 706.000 708.000 710.000 712.000 714.000 716.000 718.000 720.000 722.000 724.000 726.000 729.273 730.000 732.000 734.000 736.000 736.031 736.031 736.031 738.000 740.000 742.000 744.000 746.000 748.000 750.000 757.633 760.000 770.000 780.000 790.000 800.000 810.000 820.000 830.000 840.000 850.000 860.000 870.000 880.000 890.000 893.611 893.611 900.000 900.045 900.045 910.000 920.000 930.000 940.000 950.000 960.000 970.000 980.000 990.000 1000.000 1010.000 1020.000 1030.000 1040.000 1050.000 1060.000 1070.000 1080.000 1090.000 1100.000 1110.000 1120.000 1130.000 1140.000 1150.000 1160.000 1170.000 1180.000 1190.000 1200.000 1210.000 1220.000 1230.000 1240.000 1250.000 1260.000 1270.000 1280.000 1290.000 1300.000 1310.000 1320.000 1330.000 1340.000 1350.000 1360.000 1370.000 1380.000 1390.000 1400.000
0.317 0.320 0.322 0.325 0.328 0.331 0.333 0.335 0.335 0.336 0.337 0.337 0.338 0.339 0.340 0.341 0.341 0.342 0.343 0.345 0.346 0.347 0.348 0.350 0.351 0.353 0.354 0.356 0.357 0.357 0.357 0.357 0.357 0.357 0.358 0.358 0.358 0.358 0.358 0.358 0.359 0.359 0.359 0.359 0.360 0.360 0.360 0.360 0.361 0.361 0.361 0.362 0.362 0.362 0.363 0.363 0.363 0.364 0.364 0.364 0.365 0.365 0.366 0.366 0.367 0.367 0.368 0.368 0.369 0.370 0.370 0.371 0.372 0.372 0.373 0.374 0.375 0.376 0.376 0.377 0.378 0.379 0.381 0.382 0.383 0.384 0.386 0.387 0.389 0.390 0.392 0.394 0.396 0.398 0.401 0.403 0.406 0.409 0.413 0.417 0.421 0.425 0.431 0.437 0.443 0.451 0.460 0.470 0.483 0.497 0.513 0.531 0.566 0.570 0.582 0.595 0.609 0.609 0.609 0.609 0.627 0.646 0.665 0.684 0.702 0.721 0.741 0.815 0.817 0.825 0.833 0.841 0.851 0.861 0.872 0.884 0.896 0.911 0.926 0.944 0.964 0.986 0.995 0.995 1.000 1.000 1.000 1.000 1.000 1.000 1.000 1.000 1.000 1.000 1.000 1.000 1.000 1.000 1.000 1.000 1.000 1.000 1.000 1.000 1.000 1.000 1.000 1.000 1.000 1.000 1.000 1.000 1.000 1.000 1.000 1.000 1.000 1.000 1.000 1.000 1.000 1.000 1.000 1.000 1.000 1.000 1.000 1.000 1.000 1.000 1.000 1.000 1.000 1.000 1.000 1.000 1.000
BCC_B2
300.000 310.000 320.000 330.000 340.000 350.000 360.000 367.865 370.000 380.000 390.000 400.000 410.000 420.000 430.000 440.000 450.000 460.000 470.000 480.000 490.000 500.000 510.000 520.000 530.000 540.000 550.000 560.000 563.649 563.649 564.000 566.000 568.000 570.000 572.000 574.000 576.000 578.000 580.000 582.000 584.000 586.000 588.000 590.000 592.000 594.000 596.000 598.000 600.000 602.000 604.000 606.000 608.000 610.000 612.000 614.000 616.000 618.000 620.000 622.000 624.000 626.000 628.000 630.000 632.000 634.000 636.000 638.000 640.000 642.000 644.000 646.000 648.000 650.000 652.000 654.000 656.000 658.000 660.000 662.000 664.000 666.000 668.000 670.000 672.000 674.000 676.000 678.000 680.000 682.000 684.000 686.000 688.000 690.000 692.000 694.000 696.000 698.000 700.000 702.000 704.000 706.000 708.000 710.000 712.000 714.000 716.000 718.000 720.000 722.000 724.000 726.000 729.273 730.000 732.000 734.000 736.000 736.031 736.031 736.031 738.000 740.000 742.000 744.000 746.000 748.000 750.000 757.633 760.000 770.000 780.000 790.000 800.000 810.000 820.000 830.000 840.000 850.000 860.000 870.000 880.000 890.000 893.611
0.333 0.335 0.337 0.340 0.342 0.344 0.346 0.348 0.348 0.347 0.347 0.346 0.346 0.346 0.345 0.345 0.344 0.344 0.343 0.343 0.342 0.342 0.341 0.341 0.341 0.340 0.340 0.339 0.339 0.339 0.337 0.326 0.316 0.307 0.297 0.289 0.281 0.273 0.265 0.258 0.252 0.245 0.239 0.233 0.227 0.221 0.216 0.211 0.206 0.201 0.196 0.191 0.187 0.182 0.178 0.174 0.170 0.166 0.162 0.158 0.155 0.151 0.148 0.144 0.141 0.137 0.134 0.131 0.128 0.125 0.122 0.119 0.116 0.113 0.111 0.108 0.105 0.103 0.100 0.098 0.096 0.093 0.091 0.089 0.087 0.085 0.084 0.082 0.081 0.079 0.078 0.077 0.077 0.076 0.076 0.076 0.077 0.078 0.080 0.082 0.085 0.088 0.093 0.099 0.106 0.115 0.126 0.139 0.155 0.174 0.196 0.221 0.266 0.265 0.260 0.256 0.251 0.251 0.251 0.251 0.241 0.231 0.221 0.212 0.203 0.194 0.186 0.154 0.153 0.147 0.140 0.133 0.126 0.118 0.109 0.099 0.088 0.075 0.062 0.046 0.028 0.008 0.000
HCP_A3
300.000 310.000 320.000 330.000 340.000 350.000 360.000 367.865 370.000 380.000 390.000 400.000 410.000 420.000 430.000 440.000 450.000 460.000 470.000 480.000 490.000 500.000 510.000 520.000 530.000 540.000 550.000 560.000 563.649 563.649 564.000 566.000 568.000 570.000 572.000 574.000 576.000 578.000 580.000 582.000 584.000 586.000 588.000 590.000 592.000 594.000 596.000 598.000 600.000 602.000 604.000 606.000 608.000 610.000 612.000 614.000 616.000 618.000 620.000 622.000 624.000 626.000 628.000 630.000 632.000 634.000 636.000 638.000 640.000 642.000 644.000 646.000 648.000 650.000 652.000 654.000 656.000 658.000 660.000 662.000 664.000 666.000 668.000 670.000 672.000 674.000 676.000 678.000 680.000 682.000 684.000 686.000 688.000 690.000 692.000 694.000 696.000 698.000 700.000 702.000 704.000 706.000 708.000 710.000 712.000 714.000 716.000 718.000 720.000 722.000 724.000 726.000 729.273 730.000 732.000 734.000 736.000 736.031 736.031 736.031 738.000 740.000 742.000 744.000 746.000 748.000 750.000 757.633
0.317 0.317 0.317 0.317 0.317 0.317 0.317 0.317 0.317 0.317 0.316 0.316 0.316 0.316 0.315 0.315 0.314 0.314 0.313 0.313 0.312 0.311 0.310 0.309 0.308 0.307 0.306 0.305 0.304 0.304 0.304 0.302 0.300 0.298 0.297 0.295 0.294 0.292 0.291 0.290 0.288 0.287 0.286 0.285 0.284 0.283 0.281 0.280 0.279 0.278 0.277 0.276 0.275 0.274 0.274 0.273 0.272 0.271 0.270 0.269 0.268 0.267 0.266 0.266 0.265 0.264 0.263 0.262 0.261 0.260 0.259 0.259 0.258 0.257 0.256 0.255 0.254 0.253 0.252 0.251 0.250 0.249 0.248 0.247 0.246 0.245 0.244 0.243 0.241 0.240 0.239 0.238 0.236 0.235 0.234 0.232 0.231 0.229 0.227 0.225 0.223 0.221 0.219 0.216 0.214 0.211 0.207 0.203 0.199 0.194 0.188 0.181 0.168 0.165 0.157 0.149 0.140 0.140 0.140 0.140 0.128 0.115 0.102 0.090 0.077 0.064 0.051 0.000
BCC_B2#3
563.649 564.000 566.000 568.000 570.000 572.000 574.000 576.000 578.000 580.000 582.000 584.000 586.000 588.000 590.000 592.000 594.000 596.000 598.000 600.000 602.000 604.000 606.000 608.000 610.000 612.000 614.000 616.000 618.000 620.000 622.000 624.000 626.000 628.000 630.000 632.000 634.000 636.000 638.000 640.000 642.000 644.000 646.000 648.000 650.000 652.000 654.000 656.000 658.000 660.000 662.000 664.000 666.000 668.000 670.000 672.000 674.000 676.000 678.000 680.000 682.000 684.000 686.000 688.000 690.000 692.000 694.000 696.000 698.000 700.000 702.000 704.000 706.000 708.000 710.000 712.000 714.000 716.000 718.000 720.000 722.000 724.000 726.000 729.273
0.000 0.002 0.015 0.027 0.038 0.048 0.058 0.068 0.077 0.085 0.094 0.101 0.109 0.116 0.123 0.130 0.136 0.143 0.149 0.154 0.160 0.166 0.171 0.176 0.181 0.186 0.190 0.195 0.199 0.204 0.208 0.212 0.216 0.220 0.224 0.228 0.231 0.235 0.239 0.242 0.245 0.248 0.252 0.255 0.258 0.261 0.263 0.266 0.269 0.271 0.274 0.276 0.278 0.280 0.282 0.284 0.286 0.287 0.288 0.289 0.290 0.291 0.291 0.291 0.290 0.289 0.288 0.286 0.284 0.281 0.276 0.271 0.265 0.258 0.248 0.237 0.223 0.207 0.187 0.164 0.136 0.103 0.067 0.000
