22 23 41 24
0.389 0.264 0.236 0.111
BCC_B2#3
300.000 309.200 319.200 329.200 339.200 349.200 359.200 369.200 379.200 389.200 399.200 409.200 419.200 429.200 439.200 449.200 459.200 469.200 479.200 489.200 499.200 509.200 519.200 529.200 539.200 549.200 549.600 nan 549.600 550.000 552.000 554.000 556.000 558.000 560.000 562.000 564.000 566.000 568.000 570.000 572.000 574.000 576.000 578.000 580.000 582.000 584.000 586.000 588.000 590.000 592.000 594.000 596.000 598.000 600.000 602.000 604.000 606.000 608.000 610.000 612.000 614.000 616.000 618.000 620.000 622.000 624.000 626.000 628.000 630.000 632.000 634.000 636.000 638.000 640.000 642.000 644.000 646.000 648.000 650.000 652.000 654.000 656.000 658.000 660.000 662.000 664.000 666.000 668.000 670.000 672.000 674.000 676.000 678.000 680.000 682.000 684.000 686.000 688.000 690.000 692.000 694.000 696.000 698.000 700.000 702.000 704.000 706.000 708.000 710.000 712.000 714.000 716.000 718.000 720.000 722.000 724.000 727.536 727.536 728.000 730.000 732.000 734.000 736.000 738.000 738.263
0.370 0.371 0.371 0.372 0.372 0.373 0.374 0.374 0.375 0.376 0.377 0.378 0.379 0.380 0.381 0.382 0.384 0.385 0.387 0.388 0.390 0.392 0.394 0.396 0.398 0.401 0.401 nan 0.574 0.534 0.354 0.354 0.354 0.354 0.354 0.354 0.354 0.354 0.353 0.353 0.353 0.353 0.353 0.353 0.353 0.352 0.352 0.352 0.352 0.352 0.352 0.351 0.351 0.351 0.351 0.351 0.350 0.350 0.350 0.350 0.350 0.349 0.349 0.349 0.349 0.348 0.348 0.348 0.348 0.347 0.347 0.347 0.346 0.346 0.346 0.345 0.345 0.344 0.344 0.344 0.343 0.343 0.342 0.342 0.341 0.340 0.340 0.339 0.338 0.337 0.337 0.336 0.335 0.334 0.333 0.332 0.331 0.329 0.328 0.326 0.325 0.323 0.321 0.319 0.317 0.315 0.312 0.309 0.306 0.303 0.299 0.295 0.291 0.286 0.281 0.275 0.269 0.257 0.257 0.247 0.200 0.152 0.104 0.055 0.006 0.000
BCC_B2
300.000 309.200 319.200 329.200 339.200 349.200 359.200 369.200 379.200 389.200 399.200 409.200 419.200 429.200 439.200 449.200 459.200 469.200 479.200 489.200 499.200 509.200 519.200 529.200 539.200 549.200 549.600 nan 727.536 728.000 730.000 732.000 734.000 736.000 738.000 738.263 740.000 746.239 746.239 746.239 750.000 751.399 760.000 770.000 780.000 790.000 800.000 807.831 810.000 820.000 830.000 840.000 850.000 860.000 862.166
0.318 0.318 0.318 0.317 0.317 0.316 0.316 0.315 0.314 0.314 0.313 0.313 0.312 0.311 0.311 0.310 0.309 0.309 0.308 0.307 0.306 0.306 0.305 0.304 0.303 0.302 0.302 nan 0.000 0.007 0.038 0.070 0.102 0.135 0.166 0.171 0.166 0.151 0.151 0.151 0.131 0.125 0.119 0.113 0.106 0.099 0.091 0.084 0.082 0.070 0.056 0.041 0.024 0.005 0.000
HCP_A3
300.000 309.200 319.200 329.200 339.200 349.200 359.200 369.200 379.200 389.200 399.200 409.200 419.200 429.200 439.200 449.200 459.200 469.200 479.200 489.200 499.200 509.200 519.200 529.200 539.200 549.200 549.600 nan 549.600 550.000 552.000 554.000 556.000 558.000 560.000 562.000 564.000 566.000 568.000 570.000 572.000 574.000 576.000 578.000 580.000 582.000 584.000 586.000 588.000 590.000 592.000 594.000 596.000 598.000 600.000 602.000 604.000 606.000 608.000 610.000 612.000 614.000 616.000 618.000 620.000 622.000 624.000 626.000 628.000 630.000 632.000 634.000 636.000 638.000 640.000 642.000 644.000 646.000 648.000 650.000 652.000 654.000 656.000 658.000 660.000 662.000 664.000 666.000 668.000 670.000 672.000 674.000 676.000 678.000 680.000 682.000 684.000 686.000 688.000 690.000 692.000 694.000 696.000 698.000 700.000 702.000 704.000 706.000 708.000 710.000 712.000 714.000 716.000 718.000 720.000 722.000 724.000 727.536 727.536 728.000 730.000 732.000 734.000 736.000 738.000 738.263 740.000 746.239 746.239 746.239 750.000 751.399
0.311 0.311 0.311 0.311 0.311 0.311 0.311 0.311 0.310 0.310 0.310 0.309 0.309 0.309 0.308 0.308 0.307 0.306 0.306 0.305 0.304 0.303 0.302 0.300 0.299 0.297 0.297 nan 0.426 0.466 0.252 0.252 0.252 0.251 0.251 0.251 0.251 0.251 0.250 0.250 0.250 0.250 0.249 0.249 0.249 0.249 0.248 0.248 0.248 0.248 0.247 0.247 0.247 0.246 0.246 0.246 0.245 0.245 0.245 0.244 0.244 0.243 0.243 0.242 0.242 0.242 0.241 0.241 0.240 0.240 0.239 0.239 0.238 0.237 0.237 0.236 0.236 0.235 0.234 0.234 0.233 0.232 0.231 0.230 0.230 0.229 0.228 0.227 0.226 0.225 0.224 0.223 0.221 0.220 0.219 0.217 0.216 0.214 0.213 0.211 0.209 0.207 0.205 0.203 0.201 0.198 0.195 0.192 0.189 0.186 0.182 0.178 0.173 0.168 0.163 0.157 0.151 0.138 0.138 0.136 0.127 0.117 0.107 0.096 0.084 0.083 0.074 0.038 0.038 0.038 0.010 0.000
BCC_B2#2
549.600 550.000 552.000 554.000 556.000 558.000 560.000 562.000 564.000 566.000 568.000 570.000 572.000 574.000 576.000 578.000 580.000 582.000 584.000 586.000 588.000 590.000 592.000 594.000 596.000 598.000 600.000 602.000 604.000 606.000 608.000 610.000 612.000 614.000 616.000 618.000 620.000 622.000 624.000 626.000 628.000 630.000 632.000 634.000 636.000 638.000 640.000 642.000 644.000 646.000 648.000 650.000 652.000 654.000 656.000 658.000 660.000 662.000 664.000 666.000 668.000 670.000 672.000 674.000 676.000 678.000 680.000 682.000 684.000 686.000 688.000 690.000 692.000 694.000 696.000 698.000 700.000 702.000 704.000 706.000 708.000 710.000 712.000 714.000 716.000 718.000 720.000 722.000 724.000 727.536 727.536 728.000 730.000 732.000 734.000 736.000 738.000 738.263 740.000 746.239 746.239 746.239 750.000 751.399 760.000 770.000 780.000 790.000 800.000 807.831 810.000 820.000 830.000 840.000 850.000 860.000 862.166 862.166 870.000 880.000 890.000 900.000 910.000 920.000 930.000 940.000 950.000 960.000 970.000 980.000 990.000 1000.000 1010.000 1020.000 1030.000 1040.000 1050.000 1060.000 1070.000 1080.000 1090.000 1100.000 1110.000 1120.000 1130.000 1140.000 1150.000 1160.000 1170.000 1180.000 1190.000 1200.000 1210.000 1220.000 1230.000 1240.000 1250.000 1260.000 1270.000 1280.000 1290.000 1300.000 1310.000 1320.000 1330.000 1340.000 1350.000 1360.000 1370.000 1380.000 1390.000 1400.000
0.000 0.000 0.393 0.394 0.394 0.394 0.395 0.395 0.395 0.396 0.396 0.397 0.397 0.397 0.398 0.398 0.398 0.399 0.399 0.400 0.400 0.401 0.401 0.402 0.402 0.403 0.403 0.404 0.404 0.405 0.405 0.406 0.407 0.407 0.408 0.409 0.409 0.410 0.411 0.411 0.412 0.413 0.414 0.415 0.416 0.417 0.418 0.419 0.420 0.421 0.422 0.423 0.424 0.425 0.427 0.428 0.430 0.431 0.433 0.434 0.436 0.438 0.440 0.442 0.444 0.446 0.448 0.451 0.454 0.456 0.459 0.463 0.466 0.470 0.474 0.478 0.482 0.487 0.493 0.498 0.505 0.512 0.519 0.527 0.536 0.546 0.556 0.568 0.580 0.605 0.605 0.610 0.634 0.660 0.687 0.715 0.743 0.747 0.760 0.811 0.811 0.811 0.852 0.867 0.874 0.881 0.890 0.898 0.908 0.916 0.918 0.930 0.944 0.959 0.976 0.995 1.000 1.000 1.000 1.000 1.000 1.000 1.000 1.000 1.000 1.000 1.000 1.000 1.000 1.000 1.000 1.000 1.000 1.000 1.000 1.000 1.000 1.000 1.000 1.000 1.000 1.000 1.000 1.000 1.000 1.000 1.000 1.000 1.000 1.000 1.000 1.000 1.000 1.000 1.000 1.000 1.000 1.000 1.000 1.000 1.000 1.000 1.000 1.000 1.000 1.000 1.000 1.000 1.000 1.000 1.000 1.000
C15_LAVES
746.239 750.000 751.399 760.000 770.000 780.000 790.000 800.000 807.831
0.000 0.006 0.008 0.007 0.005 0.004 0.003 0.001 0.000
