22 23 41 24
0.389 0.319 0.181 0.111
BCC_B2#2
300.000 300.500 310.500 320.500 330.500 340.500 350.500 360.500 370.500 380.500 390.500 400.500 410.500 420.500 430.500 440.500 450.500 460.500 470.500 480.500 490.500 500.500 510.500 511.726 511.726 511.753 nan 810.700 810.700 810.800 810.900 811.000 811.100 811.200 811.300 811.400 811.500 811.600 811.700 811.800 811.900 812.000 812.100 812.200 812.300 812.400 812.500 812.600 812.700 812.800 812.900 813.000 813.100 813.200 813.300 813.400 813.493
0.381 0.381 0.380 0.380 0.380 0.379 0.379 0.379 0.378 0.378 0.378 0.377 0.377 0.377 0.377 0.376 0.376 0.376 0.376 0.375 0.375 0.375 0.375 0.375 0.375 0.000 nan 0.009 0.000 0.009 0.008 0.008 0.008 0.007 0.007 0.007 0.006 0.006 0.006 0.005 0.005 0.005 0.004 0.004 0.004 0.004 0.003 0.003 0.003 0.002 0.002 0.002 0.001 0.001 0.001 0.000 0.000
BCC_B2
300.000 300.500 310.500 320.500 330.500 340.500 350.500 360.500 370.500 380.500 390.500 400.500 410.500 420.500 430.500 440.500 450.500 460.500 470.500 480.500 490.500 500.500 510.500 511.726 511.726 511.753 520.500 530.500 540.500 550.500 560.500 570.500 580.500 580.500 590.500 600.500 610.500 620.500 630.500 640.500 650.500 660.500 670.500 680.500 690.500 700.500 710.500 720.500 730.500 740.500 750.500 752.017 760.500 770.500 780.500 790.500 800.500 810.500 810.700 810.700 nan 810.700 810.700 810.800 810.900 811.000 811.100 811.200 811.300 811.400 811.500 811.600 811.700 811.800 811.900 812.000 812.100 812.200 812.300 812.400 812.500 812.600 812.700 812.800 812.900 813.000 813.100 813.200 813.300 813.400 813.493 820.000 830.000 840.000 850.000 850.000 860.000 870.000 880.000 890.000 900.000 910.000 920.000 930.000 940.000 950.000 960.000 970.000 980.000 990.000 1000.000 1010.000 1020.000 1030.000 1040.000 1050.000 1060.000 1070.000 1080.000 1090.000 1100.000 1110.000 1120.000 1130.000 1140.000 1150.000 1160.000 1170.000 1180.000 1190.000 1200.000 1210.000 1220.000 1230.000 1240.000 1250.000 1260.000 1270.000 1280.000 1290.000 1300.000 1310.000 1320.000 1330.000 1340.000 1350.000 1360.000 1370.000 1380.000 1390.000 1400.000
0.296 0.296 0.296 0.296 0.297 0.297 0.298 0.298 0.299 0.300 0.300 0.301 0.302 0.302 0.303 0.304 0.305 0.306 0.307 0.308 0.309 0.311 0.312 0.312 0.312 0.310 0.311 0.312 0.314 0.315 0.317 0.318 0.320 0.320 0.322 0.325 0.328 0.332 0.336 0.342 0.350 0.360 0.373 0.392 0.417 0.452 0.498 0.554 0.620 0.698 0.788 0.803 0.823 0.849 0.879 0.912 0.948 0.988 0.989 0.989 nan 0.991 1.000 0.991 0.992 0.992 0.992 0.993 0.993 0.993 0.994 0.994 0.994 0.995 0.995 0.995 0.996 0.996 0.996 0.996 0.997 0.997 0.997 0.998 0.998 0.998 0.999 0.999 0.999 1.000 1.000 1.000 1.000 1.000 1.000 1.000 1.000 1.000 1.000 1.000 1.000 1.000 1.000 1.000 1.000 1.000 1.000 1.000 1.000 1.000 1.000 1.000 1.000 1.000 1.000 1.000 1.000 1.000 1.000 1.000 1.000 1.000 1.000 1.000 1.000 1.000 1.000 1.000 1.000 1.000 1.000 1.000 1.000 1.000 1.000 1.000 1.000 1.000 1.000 1.000 1.000 1.000 1.000 1.000 1.000 1.000 1.000 1.000 1.000 1.000 1.000
HCP_A3
300.000 300.500 310.500 320.500 330.500 340.500 350.500 360.500 370.500 380.500 390.500 400.500 410.500 420.500 430.500 440.500 450.500 460.500 470.500 480.500 490.500 500.500 510.500 511.726 511.726 511.753 520.500 530.500 540.500 550.500 560.500 570.500 580.500 580.500 590.500 600.500 610.500 620.500 630.500 640.500 650.500 660.500 670.500 680.500 690.500 700.500 710.500 720.500 730.500 740.500 750.500 752.017
0.324 0.324 0.324 0.324 0.324 0.323 0.323 0.323 0.323 0.322 0.322 0.322 0.321 0.321 0.320 0.320 0.319 0.318 0.318 0.317 0.316 0.315 0.313 0.313 0.313 0.261 0.259 0.258 0.256 0.255 0.253 0.251 0.249 0.249 0.247 0.244 0.242 0.239 0.235 0.231 0.227 0.221 0.214 0.204 0.192 0.176 0.154 0.127 0.094 0.055 0.008 0.000
BCC_B2#3
511.726 511.753 520.500 530.500 540.500 550.500 560.500 570.500 580.500 580.500 590.500 600.500 610.500 620.500 630.500 640.500 650.500 660.500 670.500 680.500 690.500 700.500 710.500 720.500 730.500 740.500 750.500 752.017 760.500 770.500 780.500 790.500 800.500 810.500 810.700 810.700
0.000 0.429 0.429 0.430 0.430 0.430 0.431 0.431 0.431 0.431 0.431 0.431 0.430 0.430 0.428 0.427 0.424 0.420 0.413 0.404 0.391 0.372 0.348 0.319 0.285 0.247 0.204 0.197 0.177 0.151 0.121 0.088 0.052 0.012 0.011 0.011
