22 23 41 24
0.403 0.236 0.236 0.125
BCC_B2#2
700.000 702.000 712.000 722.000 724.398 724.398 726.000 728.000 730.000 732.000 734.000 736.000 738.000 740.000 742.000 744.000 746.000 748.000 750.000 755.308 760.000 770.000 780.000 790.000 800.000 810.000 820.000 830.000 834.655
0.263 0.261 0.252 0.239 0.236 0.236 0.228 0.218 0.207 0.196 0.184 0.172 0.161 0.150 0.139 0.129 0.119 0.109 0.099 0.074 0.071 0.064 0.056 0.048 0.039 0.029 0.018 0.006 0.000
BCC_B2
700.000 702.000 712.000 722.000 724.398 724.398 726.000 728.000 730.000 732.000 734.000 736.000 738.000 740.000 742.000 744.000 746.000 748.000 750.000 755.308 760.000 770.000 780.000 790.000 800.000 810.000 820.000 830.000 834.655 840.000 850.000 850.000 860.000 870.000 880.000 890.000 900.000 910.000 920.000 921.761 930.000 940.000 950.000 960.000 970.000 980.000 990.000 1000.000 1010.000 1020.000 1030.000 1040.000 1050.000 1060.000 1070.000 1080.000 1090.000 1100.000 1110.000 1120.000 1130.000 1140.000 1150.000 1160.000 1170.000 1180.000 1190.000 1200.000
0.487 0.491 0.516 0.551 0.562 0.562 0.573 0.589 0.606 0.625 0.644 0.664 0.684 0.704 0.725 0.745 0.765 0.786 0.807 0.863 0.866 0.874 0.883 0.893 0.903 0.914 0.926 0.939 0.946 0.949 0.955 0.955 0.961 0.967 0.973 0.979 0.986 0.992 0.999 1.000 1.000 1.000 1.000 1.000 1.000 1.000 1.000 1.000 1.000 1.000 1.000 1.000 1.000 1.000 1.000 1.000 1.000 1.000 1.000 1.000 1.000 1.000 1.000 1.000 1.000 1.000 1.000 1.000
HCP_A3
700.000 702.000 712.000 722.000 724.398 724.398 726.000 728.000 730.000 732.000 734.000 736.000 738.000 740.000 742.000 744.000 746.000 748.000 750.000 755.308
0.250 0.248 0.232 0.209 0.203 0.203 0.195 0.184 0.173 0.160 0.147 0.134 0.121 0.107 0.093 0.080 0.066 0.052 0.038 0.000
C15_LAVES
724.398 726.000 728.000 730.000 732.000 734.000 736.000 738.000 740.000 742.000 744.000 746.000 748.000 750.000 755.308 760.000 770.000 780.000 790.000 800.000 810.000 820.000 830.000 834.655 840.000 850.000 850.000 860.000 870.000 880.000 890.000 900.000 910.000 920.000 921.761
0.000 0.004 0.009 0.014 0.020 0.025 0.030 0.034 0.039 0.043 0.047 0.050 0.053 0.056 0.063 0.063 0.062 0.061 0.059 0.058 0.057 0.056 0.055 0.054 0.051 0.045 0.045 0.039 0.033 0.027 0.021 0.014 0.008 0.001 0.000
