22 23 41 24
0.403 0.292 0.194 0.111
BCC_B2#3
700.000 702.000 704.000 706.000 708.000 710.000 712.000 714.000 716.000 718.000 720.000 722.000 724.000 726.000 728.000 730.000 740.000 750.000 755.537 760.000 770.000 773.559 773.559 773.559 780.000 780.777
0.356 0.353 0.349 0.345 0.341 0.337 0.332 0.327 0.321 0.316 0.310 0.304 0.298 0.291 0.284 0.277 0.240 0.200 0.175 0.166 0.144 0.136 0.136 0.136 0.017 0.000
BCC_B2
700.000 702.000 704.000 706.000 708.000 710.000 712.000 714.000 716.000 718.000 720.000 722.000 724.000 726.000 728.000 730.000 740.000 750.000 755.537 760.000 770.000 773.559 773.559 773.559 780.000 780.777 790.000 800.000 810.000 820.000 830.000 831.279 831.279 840.000 850.000 860.000 870.000 870.000 880.000 890.000 900.000 910.000 920.000 930.000 940.000 950.000 960.000 970.000 980.000 990.000 1000.000 1010.000 1020.000 1030.000 1040.000 1050.000 1060.000 1070.000 1080.000 1090.000 1100.000 1110.000 1120.000 1130.000 1140.000 1150.000 1160.000 1170.000 1180.000 1190.000 1200.000
0.439 0.446 0.453 0.460 0.469 0.478 0.487 0.497 0.507 0.519 0.530 0.543 0.555 0.569 0.583 0.597 0.676 0.768 0.825 0.834 0.856 0.864 0.864 0.864 0.898 0.903 0.916 0.933 0.951 0.972 0.997 1.000 1.000 1.000 1.000 1.000 1.000 1.000 1.000 1.000 1.000 1.000 1.000 1.000 1.000 1.000 1.000 1.000 1.000 1.000 1.000 1.000 1.000 1.000 1.000 1.000 1.000 1.000 1.000 1.000 1.000 1.000 1.000 1.000 1.000 1.000 1.000 1.000 1.000 1.000 1.000
HCP_A3
700.000 702.000 704.000 706.000 708.000 710.000 712.000 714.000 716.000 718.000 720.000 722.000 724.000 726.000 728.000 730.000 740.000 750.000 755.537
0.205 0.201 0.198 0.194 0.190 0.186 0.181 0.176 0.171 0.166 0.160 0.154 0.147 0.140 0.133 0.126 0.083 0.032 0.000
BCC_B2#2
773.559 780.000 780.777 790.000 800.000 810.000 820.000 830.000 831.279 831.279
0.000 0.085 0.097 0.084 0.067 0.049 0.028 0.003 0.000 0.000
