22 23 41 24
0.417 0.319 0.139 0.125
BCC_B2#2
700.000 702.000 704.000 706.000 708.000 710.000 710.600 720.600 730.600 740.600 750.600 760.600 769.845 770.600 780.600 790.600 800.600 810.600 820.600 820.716 820.716
0.447 0.443 0.440 0.436 0.432 0.427 0.426 0.402 0.374 0.342 0.306 0.264 0.218 0.216 0.185 0.149 0.107 0.058 0.001 0.000 0.000
BCC_B2
700.000 702.000 704.000 706.000 708.000 710.000 710.600 720.600 730.600 740.600 750.600 760.600 769.845 770.600 780.600 790.600 800.600 810.600 820.600 820.716 820.716 820.800 820.900 821.000 821.100 821.200 821.300 821.400 821.500 821.600 821.700 821.800 821.900 822.000 822.100 822.200 822.300 822.400 822.500 822.600 822.700 822.800 822.900 823.000 823.100 823.200 823.300 823.400 823.500 823.600 823.700 823.800 823.900 824.000 824.100 824.200 824.300 824.400 824.500 824.600 824.700 824.800 824.900 825.000 825.100 825.200 825.300 825.400 825.500 825.600 825.700 825.800 825.900 826.000 826.100 826.200 826.300 826.400 826.500 826.600 826.700 826.800 826.900 827.000 827.100 827.200 827.300 827.400 827.500 827.600 827.700 827.800 827.900 828.000 828.100 828.200 828.300 828.400 828.500 828.600 828.700 828.800 828.900 829.000 829.100 829.200 829.300 829.400 829.500 829.600 829.700 829.800 829.900 830.000 830.100 830.200 830.300 830.400 830.500 830.600 830.700 830.800 830.900 831.000 831.100 831.200 831.300 831.400 831.500 831.600 831.700 831.800 831.900 832.000 832.100 832.200 832.300 832.400 832.500 832.600 832.700 832.800 832.900 833.000 833.100 833.200 833.300 833.400 833.500 833.600 833.700 833.800 833.900 834.000 834.100 834.200 834.300 834.400 834.500 834.600 834.700 834.800 834.900 835.000 835.100 835.200 835.300 835.400 835.500 835.600 835.700 835.800 835.900 836.000 836.100 836.200 836.300 836.400 836.500 836.600 836.700 836.800 836.900 837.000 837.100 837.200 837.300 837.400 837.500 837.600 837.700 837.800 837.900 838.000 838.100 838.200 838.300 838.400 838.500 838.600 838.700 838.800 838.900 839.000 839.100 839.200 839.300 839.400 839.500 839.600 839.700 839.800 839.900 840.000 850.000 860.000 870.000 870.000 880.000 890.000 900.000 910.000 920.000 930.000 940.000 950.000 960.000 970.000 980.000 990.000 1000.000 1010.000 1020.000 1030.000 1040.000 1050.000 1060.000 1070.000 1080.000 1090.000 1100.000 1110.000 1120.000 1130.000 1140.000 1150.000 1160.000 1170.000 1180.000 1190.000 1200.000
0.328 0.334 0.341 0.349 0.356 0.364 0.367 0.413 0.467 0.530 0.603 0.688 0.782 0.784 0.815 0.851 0.893 0.942 0.999 1.000 1.000 1.000 1.000 1.000 1.000 1.000 1.000 1.000 1.000 1.000 1.000 1.000 1.000 1.000 1.000 1.000 1.000 1.000 1.000 1.000 1.000 1.000 1.000 1.000 1.000 1.000 1.000 1.000 1.000 1.000 1.000 1.000 1.000 1.000 1.000 1.000 1.000 1.000 1.000 1.000 1.000 1.000 1.000 1.000 1.000 1.000 1.000 1.000 1.000 1.000 1.000 1.000 1.000 1.000 1.000 1.000 1.000 1.000 1.000 1.000 1.000 1.000 1.000 1.000 1.000 1.000 1.000 1.000 1.000 1.000 1.000 1.000 1.000 1.000 1.000 1.000 1.000 1.000 1.000 1.000 1.000 1.000 1.000 1.000 1.000 1.000 1.000 1.000 1.000 1.000 1.000 1.000 1.000 1.000 1.000 1.000 1.000 1.000 1.000 1.000 1.000 1.000 1.000 1.000 1.000 1.000 1.000 1.000 1.000 1.000 1.000 1.000 1.000 1.000 1.000 1.000 1.000 1.000 1.000 1.000 1.000 1.000 1.000 1.000 1.000 1.000 1.000 1.000 1.000 1.000 1.000 1.000 1.000 1.000 1.000 1.000 1.000 1.000 1.000 1.000 1.000 1.000 1.000 1.000 1.000 1.000 1.000 1.000 1.000 1.000 1.000 1.000 1.000 1.000 1.000 1.000 1.000 1.000 1.000 1.000 1.000 1.000 1.000 1.000 1.000 1.000 1.000 1.000 1.000 1.000 1.000 1.000 1.000 1.000 1.000 1.000 1.000 1.000 1.000 1.000 1.000 1.000 1.000 1.000 1.000 1.000 1.000 1.000 1.000 1.000 1.000 1.000 1.000 1.000 1.000 1.000 1.000 1.000 1.000 1.000 1.000 1.000 1.000 1.000 1.000 1.000 1.000 1.000 1.000 1.000 1.000 1.000 1.000 1.000 1.000 1.000 1.000 1.000 1.000 1.000 1.000 1.000 1.000 1.000 1.000 1.000 1.000 1.000 1.000 1.000 1.000
HCP_A3
700.000 702.000 704.000 706.000 708.000 710.000 710.600 720.600 730.600 740.600 750.600 760.600 769.845
0.226 0.222 0.219 0.216 0.212 0.208 0.207 0.185 0.159 0.128 0.091 0.048 0.000
