22 23 41 24
0.417 0.264 0.194 0.125
BCC_B2#3
700.000 702.000 704.000 706.000 708.000 710.000 712.000 714.000 716.000 718.000 720.000 722.000 725.540 725.540 726.000 728.000 730.000 732.000 734.000 736.000 738.000 740.000 742.782
0.365 0.363 0.361 0.359 0.356 0.354 0.351 0.347 0.344 0.339 0.335 0.330 0.320 0.320 0.312 0.278 0.242 0.204 0.166 0.128 0.090 0.052 0.000
BCC_B2
700.000 702.000 704.000 706.000 708.000 710.000 712.000 714.000 716.000 718.000 720.000 722.000 725.540 725.540 726.000 728.000 730.000 732.000 734.000 736.000 738.000 740.000 742.782 744.000 746.000 748.000 750.000 752.000 754.000 756.000 756.155 756.155 756.155 760.000 762.956 770.000 780.000 790.000 792.998 792.998 800.000 810.000 820.000 830.000 840.000 850.000 860.000 867.777 870.000 870.000 880.000 890.000 900.000 910.000 920.000 930.000 940.000 950.000 960.000 970.000 980.000 990.000 1000.000 1010.000 1020.000 1030.000 1040.000 1050.000 1060.000 1070.000 1080.000 1090.000 1100.000 1110.000 1120.000 1130.000 1140.000 1150.000 1160.000 1170.000 1180.000 1190.000 1200.000
0.392 0.395 0.399 0.404 0.409 0.415 0.421 0.427 0.435 0.443 0.452 0.462 0.482 0.482 0.486 0.505 0.525 0.546 0.568 0.591 0.614 0.637 0.670 0.679 0.695 0.710 0.726 0.743 0.760 0.777 0.778 0.778 0.778 0.816 0.846 0.852 0.861 0.870 0.873 0.873 0.881 0.893 0.907 0.922 0.939 0.958 0.980 1.000 1.000 1.000 1.000 1.000 1.000 1.000 1.000 1.000 1.000 1.000 1.000 1.000 1.000 1.000 1.000 1.000 1.000 1.000 1.000 1.000 1.000 1.000 1.000 1.000 1.000 1.000 1.000 1.000 1.000 1.000 1.000 1.000 1.000 1.000 1.000
HCP_A3
700.000 702.000 704.000 706.000 708.000 710.000 712.000 714.000 716.000 718.000 720.000 722.000 725.540 725.540 726.000 728.000 730.000 732.000 734.000 736.000 738.000 740.000 742.782 744.000 746.000 748.000 750.000 752.000 754.000 756.000 756.155 756.155 756.155 760.000 762.956
0.244 0.242 0.240 0.237 0.235 0.232 0.229 0.225 0.222 0.218 0.213 0.208 0.198 0.198 0.196 0.189 0.182 0.173 0.165 0.155 0.146 0.136 0.121 0.115 0.105 0.094 0.083 0.072 0.060 0.048 0.047 0.047 0.047 0.021 0.000
BCC_B2#2
725.540 726.000 728.000 730.000 732.000 734.000 736.000 738.000 740.000 742.782 744.000 746.000 748.000 750.000 752.000 754.000 756.000 756.155 756.155 756.155 760.000 762.956 770.000 780.000 790.000 792.998 792.998 800.000 810.000 820.000 830.000 840.000 850.000 860.000 867.777
0.000 0.005 0.028 0.052 0.076 0.101 0.126 0.151 0.175 0.208 0.205 0.201 0.196 0.191 0.186 0.180 0.175 0.175 0.175 0.175 0.160 0.149 0.144 0.137 0.129 0.127 0.127 0.119 0.107 0.093 0.078 0.061 0.042 0.020 0.000
C15_LAVES
756.155 760.000 762.956 770.000 780.000 790.000 792.998 792.998
0.000 0.003 0.005 0.004 0.002 0.001 0.000 0.000
