22 23 41 24
0.417 0.222 0.250 0.111
BCC_B2#2
700.000 710.000 720.000 723.068 723.068 724.000 726.000 728.000 730.000 732.000 734.000 736.000 738.000 740.000 742.000 744.000 746.000 748.000 750.000 754.697 760.000 770.000 780.000 789.899
0.229 0.220 0.209 0.205 0.205 0.200 0.191 0.180 0.168 0.156 0.144 0.131 0.119 0.108 0.096 0.085 0.074 0.064 0.053 0.030 0.026 0.018 0.009 0.000
BCC_B2
700.000 710.000 720.000 723.068 723.068 724.000 726.000 728.000 730.000 732.000 734.000 736.000 738.000 740.000 742.000 744.000 746.000 748.000 750.000 754.697 760.000 770.000 780.000 789.899 790.000 800.000 810.000 820.000 830.000 840.000 840.000 850.000 860.000 870.000 880.000 890.000 900.000 910.000 913.434 920.000 930.000 940.000 950.000 960.000 970.000 980.000 990.000 1000.000 1010.000 1020.000 1030.000 1040.000 1050.000 1060.000 1070.000 1080.000 1090.000 1100.000 1110.000 1120.000 1130.000 1140.000 1150.000 1160.000 1170.000 1180.000 1190.000 1200.000
0.514 0.538 0.570 0.582 0.582 0.588 0.603 0.619 0.637 0.657 0.677 0.698 0.719 0.741 0.762 0.783 0.805 0.826 0.848 0.899 0.904 0.913 0.922 0.932 0.932 0.937 0.942 0.947 0.952 0.957 0.957 0.963 0.968 0.974 0.980 0.986 0.992 0.998 1.000 1.000 1.000 1.000 1.000 1.000 1.000 1.000 1.000 1.000 1.000 1.000 1.000 1.000 1.000 1.000 1.000 1.000 1.000 1.000 1.000 1.000 1.000 1.000 1.000 1.000 1.000 1.000 1.000 1.000
HCP_A3
700.000 710.000 720.000 723.068 723.068 724.000 726.000 728.000 730.000 732.000 734.000 736.000 738.000 740.000 742.000 744.000 746.000 748.000 750.000 754.697
0.257 0.242 0.221 0.213 0.213 0.209 0.199 0.188 0.176 0.163 0.149 0.136 0.121 0.107 0.093 0.079 0.064 0.050 0.035 0.000
C15_LAVES
723.068 724.000 726.000 728.000 730.000 732.000 734.000 736.000 738.000 740.000 742.000 744.000 746.000 748.000 750.000 754.697 760.000 770.000 780.000 789.899 790.000 800.000 810.000 820.000 830.000 840.000 840.000 850.000 860.000 870.000 880.000 890.000 900.000 910.000 913.434
0.000 0.002 0.007 0.013 0.018 0.024 0.030 0.035 0.040 0.045 0.049 0.053 0.057 0.060 0.063 0.070 0.070 0.069 0.069 0.068 0.068 0.063 0.058 0.053 0.048 0.043 0.043 0.037 0.032 0.026 0.020 0.014 0.008 0.002 0.000
