22 23 41 24
0.431 0.181 0.278 0.111
C15_LAVES
300.000 306.000 316.000 326.000 336.000 346.000 356.000 366.000 376.000 386.000 396.000 406.000 416.000 426.000 436.000 446.000 456.000 466.000 476.000 486.000 496.000 506.000 516.000 526.000 536.000 546.000 556.000 558.935 nan 579.967 580.000 582.000 584.000 586.000 588.000 590.000 592.000 594.000 596.000 598.000 600.000 602.000 604.000 606.000 608.000 610.000 612.000 614.000 616.000 618.000 620.000 622.000 624.000 626.000 628.000 630.000 632.000 634.000 636.000 638.000 640.000 642.000 644.000 646.000 648.000 650.000 652.000 654.000 656.000 658.000 660.000 662.000 664.000 666.000 668.000 670.000 672.000 674.000 676.000 678.000 680.000 682.000 684.000 686.000 688.000 690.000 692.000 694.000 696.000 698.000 700.000 702.000 704.000 706.000 708.000 710.000 712.000 714.000 716.000 718.000 720.000 722.000 724.000 726.000 728.000 730.000 732.000 734.000 736.000 738.000 740.000 742.939 750.000 760.000 760.669 760.669 770.000 780.000 790.000 800.000 810.000 820.000 830.000 840.000 850.000 860.000 870.000 880.000 890.000 900.000 910.000 920.000 930.000 940.000 950.000 960.000 970.000 976.432
0.047 0.045 0.042 0.039 0.036 0.033 0.030 0.028 0.025 0.023 0.020 0.018 0.016 0.014 0.012 0.011 0.009 0.007 0.006 0.005 0.004 0.003 0.002 0.001 0.001 0.000 0.000 0.000 nan 0.000 0.000 0.000 0.000 0.000 0.000 0.000 0.000 0.000 0.001 0.001 0.001 0.001 0.001 0.001 0.001 0.001 0.002 0.002 0.002 0.002 0.002 0.002 0.003 0.003 0.003 0.003 0.004 0.004 0.004 0.004 0.005 0.005 0.005 0.006 0.006 0.007 0.007 0.007 0.008 0.008 0.009 0.009 0.010 0.010 0.011 0.012 0.012 0.013 0.014 0.014 0.015 0.016 0.017 0.018 0.019 0.020 0.021 0.022 0.023 0.025 0.026 0.028 0.029 0.031 0.033 0.035 0.038 0.041 0.044 0.047 0.051 0.055 0.060 0.065 0.071 0.077 0.083 0.089 0.095 0.100 0.105 0.112 0.108 0.101 0.101 0.101 0.098 0.094 0.090 0.086 0.082 0.078 0.074 0.070 0.065 0.061 0.056 0.051 0.047 0.042 0.037 0.031 0.026 0.021 0.015 0.010 0.004 0.000
BCC_B2#2
300.000 306.000 316.000 326.000 336.000 346.000 356.000 366.000 376.000 386.000 396.000 406.000 416.000 426.000 436.000 446.000 456.000 466.000 476.000 486.000 496.000 506.000 516.000 526.000 536.000 546.000 556.000 558.935 566.000 576.000 579.967 579.967 580.000 582.000 584.000 586.000 588.000 590.000 592.000 594.000 596.000 598.000 600.000 602.000 604.000 606.000 608.000 610.000 612.000 614.000 616.000 618.000 620.000 622.000 624.000 626.000 628.000 630.000 632.000 634.000 636.000 638.000 640.000 642.000 644.000 646.000 648.000 650.000 652.000 654.000 656.000 658.000 660.000 662.000 664.000 666.000 668.000 670.000 672.000 674.000 676.000 678.000 680.000 682.000 684.000 686.000 688.000 690.000 692.000 694.000 696.000 698.000 700.000 702.000 704.000 706.000 708.000 710.000 712.000 714.000 716.000 718.000 720.000 722.000 724.000 726.000 728.000 730.000 732.000 734.000 736.000 738.000 740.000 742.939
0.215 0.216 0.217 0.218 0.219 0.220 0.221 0.222 0.223 0.224 0.224 0.225 0.225 0.226 0.226 0.226 0.227 0.227 0.227 0.227 0.227 0.226 0.226 0.226 0.225 0.225 0.224 0.224 0.223 0.222 0.222 0.222 0.222 0.222 0.221 0.221 0.221 0.221 0.220 0.220 0.220 0.220 0.219 0.219 0.219 0.218 0.218 0.218 0.217 0.217 0.217 0.216 0.216 0.215 0.215 0.215 0.214 0.214 0.213 0.213 0.212 0.212 0.211 0.211 0.210 0.210 0.209 0.208 0.208 0.207 0.206 0.206 0.205 0.204 0.203 0.202 0.201 0.200 0.199 0.198 0.197 0.196 0.195 0.193 0.192 0.191 0.189 0.187 0.186 0.184 0.182 0.179 0.177 0.174 0.172 0.168 0.165 0.161 0.157 0.152 0.147 0.141 0.134 0.126 0.116 0.106 0.094 0.082 0.069 0.056 0.043 0.030 0.018 0.000
BCC_B2
300.000 306.000 316.000 326.000 336.000 346.000 356.000 366.000 376.000 386.000 396.000 406.000 416.000 426.000 436.000 446.000 456.000 466.000 476.000 486.000 496.000 506.000 516.000 526.000 536.000 546.000 556.000 558.935 566.000 576.000 579.967 579.967 580.000 582.000 584.000 586.000 588.000 590.000 592.000 594.000 596.000 598.000 600.000 602.000 604.000 606.000 608.000 610.000 612.000 614.000 616.000 618.000 620.000 622.000 624.000 626.000 628.000 630.000 632.000 634.000 636.000 638.000 640.000 642.000 644.000 646.000 648.000 650.000 652.000 654.000 656.000 658.000 660.000 662.000 664.000 666.000 668.000 670.000 672.000 674.000 676.000 678.000 680.000 682.000 684.000 686.000 688.000 690.000 692.000 694.000 696.000 698.000 700.000 702.000 704.000 706.000 708.000 710.000 712.000 714.000 716.000 718.000 720.000 722.000 724.000 726.000 728.000 730.000 732.000 734.000 736.000 738.000 740.000 742.939 750.000 760.000 760.669 760.669 770.000 780.000 790.000 800.000 810.000 820.000 830.000 840.000 850.000 860.000 870.000 880.000 890.000 900.000 910.000 920.000 930.000 940.000 950.000 960.000 970.000 976.432 976.432 980.000 990.000 1000.000 1010.000 1020.000 1030.000 1040.000 1050.000 1060.000 1070.000 1080.000 1090.000 1100.000 1110.000 1120.000 1130.000 1140.000 1150.000 1160.000 1170.000 1180.000 1190.000 1200.000 1210.000 1220.000 1230.000 1240.000 1250.000 1260.000 1270.000 1280.000 1290.000 1300.000 1310.000 1320.000 1330.000 1340.000 1350.000 1360.000 1370.000 1380.000 1390.000 1400.000
0.402 0.403 0.405 0.407 0.409 0.411 0.413 0.415 0.417 0.419 0.421 0.423 0.424 0.426 0.428 0.430 0.432 0.433 0.435 0.437 0.439 0.441 0.442 0.444 0.446 0.448 0.450 0.451 0.453 0.455 0.456 0.456 0.456 0.456 0.457 0.457 0.458 0.458 0.459 0.460 0.460 0.461 0.461 0.462 0.462 0.463 0.464 0.464 0.465 0.465 0.466 0.467 0.467 0.468 0.469 0.470 0.470 0.471 0.472 0.473 0.474 0.474 0.475 0.476 0.477 0.478 0.479 0.480 0.481 0.482 0.483 0.484 0.486 0.487 0.488 0.489 0.491 0.492 0.494 0.495 0.497 0.499 0.500 0.502 0.504 0.506 0.509 0.511 0.514 0.516 0.519 0.522 0.526 0.529 0.533 0.538 0.543 0.548 0.554 0.561 0.568 0.577 0.587 0.598 0.612 0.627 0.644 0.663 0.683 0.704 0.726 0.748 0.770 0.803 0.837 0.895 0.899 0.899 0.902 0.906 0.910 0.914 0.918 0.922 0.926 0.930 0.935 0.939 0.944 0.949 0.953 0.958 0.963 0.969 0.974 0.979 0.985 0.990 0.996 1.000 1.000 1.000 1.000 1.000 1.000 1.000 1.000 1.000 1.000 1.000 1.000 1.000 1.000 1.000 1.000 1.000 1.000 1.000 1.000 1.000 1.000 1.000 1.000 1.000 1.000 1.000 1.000 1.000 1.000 1.000 1.000 1.000 1.000 1.000 1.000 1.000 1.000 1.000 1.000 1.000 1.000 1.000 1.000 1.000
HCP_A3
300.000 306.000 316.000 326.000 336.000 346.000 356.000 366.000 376.000 386.000 396.000 406.000 416.000 426.000 436.000 446.000 456.000 466.000 476.000 486.000 496.000 506.000 516.000 526.000 536.000 546.000 556.000 558.935 566.000 576.000 579.967 579.967 580.000 582.000 584.000 586.000 588.000 590.000 592.000 594.000 596.000 598.000 600.000 602.000 604.000 606.000 608.000 610.000 612.000 614.000 616.000 618.000 620.000 622.000 624.000 626.000 628.000 630.000 632.000 634.000 636.000 638.000 640.000 642.000 644.000 646.000 648.000 650.000 652.000 654.000 656.000 658.000 660.000 662.000 664.000 666.000 668.000 670.000 672.000 674.000 676.000 678.000 680.000 682.000 684.000 686.000 688.000 690.000 692.000 694.000 696.000 698.000 700.000 702.000 704.000 706.000 708.000 710.000 712.000 714.000 716.000 718.000 720.000 722.000 724.000 726.000 728.000 730.000 732.000 734.000 736.000 738.000 740.000 742.939 750.000 760.000 760.669 760.669
0.336 0.336 0.336 0.336 0.336 0.335 0.335 0.335 0.335 0.335 0.335 0.334 0.334 0.334 0.334 0.333 0.333 0.332 0.332 0.331 0.331 0.330 0.329 0.329 0.328 0.327 0.326 0.325 0.324 0.323 0.322 0.322 0.322 0.322 0.322 0.321 0.321 0.321 0.320 0.320 0.320 0.319 0.319 0.318 0.318 0.318 0.317 0.317 0.316 0.316 0.315 0.315 0.314 0.314 0.313 0.313 0.312 0.312 0.311 0.311 0.310 0.309 0.309 0.308 0.307 0.307 0.306 0.305 0.304 0.304 0.303 0.302 0.301 0.300 0.299 0.298 0.297 0.296 0.295 0.294 0.292 0.291 0.290 0.288 0.287 0.285 0.284 0.282 0.280 0.278 0.276 0.274 0.271 0.269 0.266 0.263 0.259 0.256 0.251 0.247 0.242 0.236 0.229 0.221 0.212 0.202 0.190 0.178 0.164 0.150 0.136 0.121 0.107 0.085 0.055 0.004 0.000 0.000
