22 23 41 24
0.431 0.375 0.083 0.111
BCC_B2#3
300.000 308.000 318.000 328.000 338.000 348.000 358.000 368.000 378.000 388.000 398.000 408.000 418.000 428.000 438.000 448.000 458.000 468.000 478.000 488.000 498.000 508.000 517.509 517.509 518.000 521.642
0.467 0.467 0.467 0.467 0.467 0.467 0.467 0.468 0.468 0.468 0.469 0.469 0.470 0.471 0.472 0.473 0.474 0.475 0.477 0.478 0.480 0.482 0.484 0.484 0.408 0.000
BCC_B2
300.000 308.000 318.000 328.000 338.000 348.000 358.000 368.000 378.000 388.000 398.000 408.000 418.000 428.000 438.000 448.000 458.000 468.000 478.000 488.000 498.000 508.000 517.509 517.509 518.000 521.642 522.000 522.000 524.000 526.000 528.000 530.000 532.000 534.000 536.000 538.000 540.000 542.000 544.000 546.000 548.000 550.000 552.000 554.000 556.000 558.000 560.000 562.000 564.000 566.000 568.000 570.000 572.000 574.000 576.000 578.000 580.000 582.000 584.000 586.000 588.000 590.000 592.000 594.000 596.000 598.000 600.000 602.000 604.000 606.000 608.000 610.000 612.000 614.000 616.000 618.000 620.000 622.000 624.000 626.000 628.000 630.000 632.000 634.000 636.000 638.000 640.000 642.000 644.000 646.000 648.000 650.000 660.000 670.000 680.000 690.000 700.000 710.000 720.000 730.000 740.000 750.000 760.000 770.000 780.000 787.831 788.625 790.000 800.000 810.000 820.000 830.000 840.000 850.000 850.000 860.000 870.000 880.000 890.000 900.000 910.000 920.000 930.000 940.000 950.000 960.000 970.000 980.000 990.000 1000.000 1010.000 1020.000 1030.000 1040.000 1050.000 1060.000 1070.000 1080.000 1090.000 1100.000 1110.000 1120.000 1130.000 1140.000 1150.000 1160.000 1170.000 1180.000 1190.000 1200.000 1210.000 1220.000 1230.000 1240.000 1250.000 1260.000 1270.000 1280.000 1290.000 1300.000 1310.000 1320.000 1330.000 1340.000 1350.000 1360.000 1370.000 1380.000 1390.000 1400.000
0.146 0.146 0.146 0.146 0.146 0.146 0.146 0.146 0.146 0.146 0.146 0.146 0.146 0.146 0.145 0.145 0.145 0.144 0.144 0.144 0.143 0.143 0.142 0.142 0.142 0.140 0.140 0.140 0.140 0.140 0.140 0.140 0.140 0.140 0.139 0.139 0.139 0.139 0.139 0.139 0.139 0.139 0.138 0.138 0.138 0.138 0.138 0.138 0.138 0.138 0.138 0.138 0.138 0.138 0.138 0.138 0.138 0.138 0.138 0.138 0.138 0.138 0.138 0.138 0.138 0.138 0.139 0.139 0.139 0.140 0.140 0.140 0.141 0.142 0.142 0.143 0.144 0.145 0.146 0.147 0.149 0.150 0.152 0.154 0.156 0.158 0.160 0.162 0.165 0.167 0.170 0.173 0.188 0.204 0.223 0.243 0.267 0.296 0.332 0.377 0.433 0.506 0.598 0.713 0.856 0.991 1.000 1.000 1.000 1.000 1.000 1.000 1.000 1.000 1.000 1.000 1.000 1.000 1.000 1.000 1.000 1.000 1.000 1.000 1.000 1.000 1.000 1.000 1.000 1.000 1.000 1.000 1.000 1.000 1.000 1.000 1.000 1.000 1.000 1.000 1.000 1.000 1.000 1.000 1.000 1.000 1.000 1.000 1.000 1.000 1.000 1.000 1.000 1.000 1.000 1.000 1.000 1.000 1.000 1.000 1.000 1.000 1.000 1.000 1.000 1.000 1.000 1.000 1.000 1.000
HCP_A3
300.000 308.000 318.000 328.000 338.000 348.000 358.000 368.000 378.000 388.000 398.000 408.000 418.000 428.000 438.000 448.000 458.000 468.000 478.000 488.000 498.000 508.000 517.509 517.509 518.000 521.642 522.000 522.000 524.000 526.000 528.000 530.000 532.000 534.000 536.000 538.000 540.000 542.000 544.000 546.000 548.000 550.000 552.000 554.000 556.000 558.000 560.000 562.000 564.000 566.000 568.000 570.000 572.000 574.000 576.000 578.000 580.000 582.000 584.000 586.000 588.000 590.000 592.000 594.000 596.000 598.000 600.000 602.000 604.000 606.000 608.000 610.000 612.000 614.000 616.000 618.000 620.000 622.000 624.000 626.000 628.000 630.000 632.000 634.000 636.000 638.000 640.000 642.000 644.000 646.000 648.000 650.000 660.000 670.000 680.000 690.000 700.000 710.000 720.000 730.000 740.000 750.000 760.000 770.000 780.000 787.831
0.387 0.387 0.387 0.387 0.387 0.387 0.386 0.386 0.386 0.385 0.385 0.385 0.384 0.383 0.383 0.382 0.381 0.380 0.379 0.378 0.377 0.376 0.374 0.374 0.365 0.320 0.320 0.320 0.319 0.319 0.318 0.317 0.317 0.316 0.316 0.315 0.315 0.314 0.314 0.313 0.313 0.312 0.311 0.311 0.310 0.310 0.309 0.309 0.308 0.308 0.307 0.307 0.306 0.305 0.305 0.304 0.304 0.303 0.302 0.302 0.301 0.301 0.300 0.299 0.299 0.298 0.297 0.297 0.296 0.295 0.294 0.294 0.293 0.292 0.291 0.291 0.290 0.289 0.288 0.287 0.286 0.285 0.284 0.283 0.282 0.281 0.280 0.278 0.277 0.276 0.275 0.273 0.266 0.259 0.251 0.241 0.231 0.220 0.206 0.191 0.172 0.149 0.121 0.086 0.042 0.000
BCC_B2#2
517.509 518.000 521.642 522.000 522.000 524.000 526.000 528.000 530.000 532.000 534.000 536.000 538.000 540.000 542.000 544.000 546.000 548.000 550.000 552.000 554.000 556.000 558.000 560.000 562.000 564.000 566.000 568.000 570.000 572.000 574.000 576.000 578.000 580.000 582.000 584.000 586.000 588.000 590.000 592.000 594.000 596.000 598.000 600.000 602.000 604.000 606.000 608.000 610.000 612.000 614.000 616.000 618.000 620.000 622.000 624.000 626.000 628.000 630.000 632.000 634.000 636.000 638.000 640.000 642.000 644.000 646.000 648.000 650.000 660.000 670.000 680.000 690.000 700.000 710.000 720.000 730.000 740.000 750.000 760.000 770.000 780.000 787.831 788.625
0.000 0.086 0.540 0.540 0.540 0.541 0.541 0.542 0.543 0.543 0.544 0.545 0.545 0.546 0.547 0.547 0.548 0.549 0.549 0.550 0.551 0.551 0.552 0.553 0.553 0.554 0.555 0.555 0.556 0.556 0.557 0.558 0.558 0.559 0.559 0.560 0.561 0.561 0.562 0.562 0.563 0.563 0.564 0.564 0.565 0.565 0.565 0.566 0.566 0.566 0.566 0.566 0.566 0.566 0.566 0.566 0.566 0.565 0.565 0.564 0.563 0.563 0.562 0.561 0.559 0.558 0.557 0.556 0.554 0.546 0.537 0.527 0.515 0.501 0.484 0.462 0.433 0.394 0.345 0.281 0.201 0.101 0.009 0.000
