22 23 41 24
0.431 0.306 0.153 0.111
BCC_B2#3
300.000 308.000 318.000 328.000 338.000 348.000 358.000 368.000 378.000 388.000 398.000 408.000 418.000 428.000 438.000 448.000 458.000 468.000 478.000 488.000 498.000 508.000 511.711 511.711 511.722
0.377 0.377 0.377 0.377 0.376 0.376 0.376 0.376 0.375 0.375 0.375 0.375 0.375 0.374 0.374 0.374 0.374 0.374 0.374 0.374 0.374 0.374 0.374 0.374 0.000
BCC_B2
300.000 308.000 318.000 328.000 338.000 348.000 358.000 368.000 378.000 388.000 398.000 408.000 418.000 428.000 438.000 448.000 458.000 468.000 478.000 488.000 498.000 508.000 511.711 511.711 511.722 518.000 528.000 538.000 548.000 558.000 568.000 578.000 588.000 588.000 598.000 608.000 618.000 628.000 638.000 648.000 658.000 668.000 678.000 688.000 698.000 708.000 718.000 728.000 738.000 748.000 758.000 767.195 768.000 778.000 788.000 798.000 808.000 808.195 808.195 808.200 808.300 808.400 808.500 808.600 808.700 808.800 808.900 809.000 809.100 809.200 809.300 809.400 809.500 809.600 809.700 809.800 809.900 810.000 810.100 810.200 810.300 810.400 810.500 810.600 810.700 810.800 810.900 811.000 811.100 811.200 811.300 811.400 811.500 811.600 811.700 811.800 811.900 812.000 812.100 812.200 812.300 812.400 812.500 812.600 812.700 812.800 812.900 813.000 813.100 813.200 813.300 813.400 813.500 813.600 813.700 813.800 813.900 814.000 814.100 814.200 814.300 814.400 814.500 814.600 814.700 814.800 814.900 815.000 815.100 815.200 815.300 815.400 815.500 815.600 815.700 815.800 815.900 816.000 816.100 816.200 816.300 816.400 816.500 816.600 816.700 816.800 816.900 817.000 817.100 817.200 817.300 817.400 817.500 817.600 817.700 817.800 817.900 818.000 818.100 818.200 818.300 818.400 818.500 818.600 818.700 818.800 818.900 819.000 819.100 819.200 819.300 819.400 819.500 819.600 819.700 819.800 819.900 820.000 830.000 840.000 850.000 850.000 860.000 870.000 880.000 890.000 900.000 910.000 920.000 930.000 940.000 950.000 960.000 970.000 980.000 990.000 1000.000 1010.000 1020.000 1030.000 1040.000 1050.000 1060.000 1070.000 1080.000 1090.000 1100.000 1110.000 1120.000 1130.000 1140.000 1150.000 1160.000 1170.000 1180.000 1190.000 1200.000 1210.000 1220.000 1230.000 1240.000 1250.000 1260.000 1270.000 1280.000 1290.000 1300.000 1310.000 1320.000 1330.000 1340.000 1350.000 1360.000 1370.000 1380.000 1390.000 1400.000
0.256 0.256 0.256 0.257 0.257 0.257 0.258 0.258 0.259 0.259 0.260 0.260 0.261 0.261 0.262 0.263 0.263 0.264 0.265 0.266 0.267 0.268 0.268 0.268 0.266 0.267 0.267 0.268 0.269 0.270 0.271 0.272 0.274 0.274 0.275 0.278 0.280 0.283 0.288 0.293 0.301 0.311 0.326 0.347 0.376 0.415 0.463 0.519 0.585 0.661 0.750 0.845 0.847 0.878 0.914 0.954 0.999 1.000 1.000 1.000 1.000 1.000 1.000 1.000 1.000 1.000 1.000 1.000 1.000 1.000 1.000 1.000 1.000 1.000 1.000 1.000 1.000 1.000 1.000 1.000 1.000 1.000 1.000 1.000 1.000 1.000 1.000 1.000 1.000 1.000 1.000 1.000 1.000 1.000 1.000 1.000 1.000 1.000 1.000 1.000 1.000 1.000 1.000 1.000 1.000 1.000 1.000 1.000 1.000 1.000 1.000 1.000 1.000 1.000 1.000 1.000 1.000 1.000 1.000 1.000 1.000 1.000 1.000 1.000 1.000 1.000 1.000 1.000 1.000 1.000 1.000 1.000 1.000 1.000 1.000 1.000 1.000 1.000 1.000 1.000 1.000 1.000 1.000 1.000 1.000 1.000 1.000 1.000 1.000 1.000 1.000 1.000 1.000 1.000 1.000 1.000 1.000 1.000 1.000 1.000 1.000 1.000 1.000 1.000 1.000 1.000 1.000 1.000 1.000 1.000 1.000 1.000 1.000 1.000 1.000 1.000 1.000 1.000 1.000 1.000 1.000 1.000 1.000 1.000 1.000 1.000 1.000 1.000 1.000 1.000 1.000 1.000 1.000 1.000 1.000 1.000 1.000 1.000 1.000 1.000 1.000 1.000 1.000 1.000 1.000 1.000 1.000 1.000 1.000 1.000 1.000 1.000 1.000 1.000 1.000 1.000 1.000 1.000 1.000 1.000 1.000 1.000 1.000 1.000 1.000 1.000 1.000 1.000 1.000 1.000 1.000 1.000 1.000 1.000 1.000 1.000 1.000
HCP_A3
300.000 308.000 318.000 328.000 338.000 348.000 358.000 368.000 378.000 388.000 398.000 408.000 418.000 428.000 438.000 448.000 458.000 468.000 478.000 488.000 498.000 508.000 511.711 511.711 511.722 518.000 528.000 538.000 548.000 558.000 568.000 578.000 588.000 588.000 598.000 608.000 618.000 628.000 638.000 648.000 658.000 668.000 678.000 688.000 698.000 708.000 718.000 728.000 738.000 748.000 758.000 767.195
0.367 0.367 0.367 0.367 0.367 0.367 0.366 0.366 0.366 0.366 0.365 0.365 0.365 0.364 0.364 0.363 0.363 0.362 0.361 0.360 0.359 0.358 0.358 0.358 0.305 0.304 0.302 0.301 0.300 0.298 0.297 0.295 0.293 0.293 0.291 0.289 0.286 0.283 0.280 0.276 0.271 0.265 0.258 0.248 0.234 0.216 0.194 0.166 0.134 0.096 0.050 0.000
BCC_B2#2
511.711 511.722 518.000 528.000 538.000 548.000 558.000 568.000 578.000 588.000 588.000 598.000 608.000 618.000 628.000 638.000 648.000 658.000 668.000 678.000 688.000 698.000 708.000 718.000 728.000 738.000 748.000 758.000 767.195 768.000 778.000 788.000 798.000 808.000 808.195 808.195
0.000 0.429 0.429 0.430 0.431 0.431 0.432 0.432 0.433 0.433 0.433 0.434 0.434 0.434 0.433 0.432 0.431 0.428 0.423 0.416 0.405 0.390 0.369 0.344 0.315 0.281 0.243 0.200 0.155 0.153 0.122 0.086 0.046 0.001 0.000 0.000
