22 23 41 24
0.431 0.222 0.222 0.125
C15_LAVES
300.000 306.000 316.000 326.000 336.000 346.000 356.000 366.000 376.000 386.000 396.000 406.000 412.241 nan 718.658 720.000 722.000 724.000 726.000 728.000 730.000 732.000 734.000 736.000 738.000 740.000 742.000 744.000 746.000 748.000 750.000 760.000 761.999 770.000 780.000 790.000 800.000 810.000 811.251 820.000 830.000 840.000 850.000 860.000 870.000 880.000 890.000 900.000 910.000 920.000 929.148
0.042 0.039 0.035 0.031 0.027 0.023 0.019 0.015 0.012 0.008 0.005 0.002 0.000 nan 0.000 0.002 0.006 0.010 0.014 0.019 0.024 0.029 0.034 0.038 0.043 0.047 0.050 0.054 0.057 0.060 0.063 0.074 0.076 0.075 0.074 0.073 0.072 0.071 0.071 0.067 0.061 0.055 0.050 0.044 0.038 0.032 0.026 0.019 0.013 0.006 0.000
BCC_B2#2
300.000 306.000 316.000 326.000 336.000 346.000 356.000 366.000 376.000 386.000 396.000 406.000 412.241 416.000 426.000 436.000 446.000 456.000 466.000 476.000 486.000 496.000 506.000 516.000 526.000 536.000 546.000 556.000 566.000 576.000 586.000 596.000 606.000 616.000 617.168 617.168 626.000 636.000 646.000 656.000 666.000 676.000 686.000 696.000 704.993 706.000 716.000 718.658 718.658 718.658 720.000 722.000 724.000 726.000 728.000 730.000 732.000 734.000 736.000 738.000 740.000 742.000 744.000 746.000 748.000 750.000 760.000 761.999 770.000 780.000 790.000 800.000 810.000 811.251
0.277 0.278 0.280 0.282 0.283 0.285 0.287 0.288 0.290 0.291 0.292 0.294 0.294 0.294 0.294 0.293 0.292 0.292 0.291 0.291 0.290 0.290 0.289 0.289 0.288 0.287 0.287 0.286 0.285 0.285 0.284 0.283 0.282 0.281 0.281 0.281 0.267 0.254 0.243 0.234 0.228 0.225 0.227 0.237 0.258 0.257 0.249 0.246 0.246 0.246 0.242 0.235 0.228 0.219 0.210 0.200 0.189 0.178 0.167 0.157 0.146 0.136 0.126 0.117 0.108 0.099 0.056 0.048 0.041 0.032 0.023 0.013 0.001 0.000
BCC_B2
300.000 306.000 316.000 326.000 336.000 346.000 356.000 366.000 376.000 386.000 396.000 406.000 412.241 416.000 426.000 436.000 446.000 456.000 466.000 476.000 486.000 496.000 506.000 516.000 526.000 536.000 546.000 556.000 566.000 576.000 586.000 596.000 606.000 616.000 617.168 617.168 626.000 636.000 646.000 656.000 666.000 676.000 686.000 696.000 704.993 706.000 716.000 718.658 718.658 718.658 720.000 722.000 724.000 726.000 728.000 730.000 732.000 734.000 736.000 738.000 740.000 742.000 744.000 746.000 748.000 750.000 760.000 761.999 770.000 780.000 790.000 800.000 810.000 811.251 820.000 830.000 840.000 850.000 860.000 870.000 880.000 890.000 900.000 910.000 920.000 929.148 929.148 930.000 940.000 950.000 960.000 970.000 980.000 990.000 1000.000 1010.000 1020.000 1030.000 1040.000 1050.000 1060.000 1070.000 1080.000 1090.000 1100.000 1110.000 1120.000 1130.000 1140.000 1150.000 1160.000 1170.000 1180.000 1190.000 1200.000 1210.000 1220.000 1230.000 1240.000 1250.000 1260.000 1270.000 1280.000 1290.000 1300.000 1310.000 1320.000 1330.000 1340.000 1350.000 1360.000 1370.000 1380.000 1390.000 1400.000
0.332 0.334 0.336 0.339 0.341 0.343 0.346 0.348 0.350 0.352 0.355 0.357 0.358 0.358 0.359 0.360 0.361 0.362 0.363 0.364 0.365 0.366 0.367 0.369 0.370 0.372 0.374 0.375 0.377 0.379 0.382 0.384 0.387 0.391 0.391 0.391 0.393 0.397 0.401 0.405 0.411 0.419 0.429 0.443 0.462 0.464 0.489 0.497 0.497 0.497 0.502 0.512 0.524 0.537 0.551 0.567 0.585 0.603 0.622 0.640 0.659 0.678 0.698 0.717 0.736 0.755 0.855 0.876 0.884 0.893 0.904 0.915 0.927 0.929 0.933 0.939 0.945 0.950 0.956 0.962 0.968 0.974 0.981 0.987 0.994 1.000 1.000 1.000 1.000 1.000 1.000 1.000 1.000 1.000 1.000 1.000 1.000 1.000 1.000 1.000 1.000 1.000 1.000 1.000 1.000 1.000 1.000 1.000 1.000 1.000 1.000 1.000 1.000 1.000 1.000 1.000 1.000 1.000 1.000 1.000 1.000 1.000 1.000 1.000 1.000 1.000 1.000 1.000 1.000 1.000 1.000 1.000 1.000 1.000 1.000
HCP_A3
300.000 306.000 316.000 326.000 336.000 346.000 356.000 366.000 376.000 386.000 396.000 406.000 412.241 416.000 426.000 436.000 446.000 456.000 466.000 476.000 486.000 496.000 506.000 516.000 526.000 536.000 546.000 556.000 566.000 576.000 586.000 596.000 606.000 616.000 617.168 617.168 626.000 636.000 646.000 656.000 666.000 676.000 686.000 696.000 704.993 706.000 716.000 718.658 718.658 718.658 720.000 722.000 724.000 726.000 728.000 730.000 732.000 734.000 736.000 738.000 740.000 742.000 744.000 746.000 748.000 750.000 760.000 761.999
0.349 0.349 0.349 0.349 0.349 0.349 0.349 0.349 0.348 0.348 0.348 0.348 0.348 0.348 0.347 0.347 0.347 0.346 0.346 0.345 0.345 0.344 0.343 0.343 0.342 0.341 0.340 0.339 0.337 0.336 0.334 0.332 0.330 0.328 0.328 0.328 0.324 0.319 0.315 0.311 0.306 0.301 0.295 0.288 0.279 0.278 0.263 0.257 0.257 0.257 0.253 0.247 0.239 0.230 0.220 0.209 0.198 0.185 0.173 0.160 0.148 0.135 0.122 0.109 0.096 0.083 0.015 0.000
BCC_B2#3
617.168 626.000 636.000 646.000 656.000 666.000 676.000 686.000 696.000 704.993
0.000 0.016 0.030 0.042 0.050 0.055 0.055 0.049 0.032 0.000
