22 23 41 24
0.431 0.250 0.181 0.139
C15_LAVES
300.000 304.000 314.000 324.000 334.000 344.000 354.000 364.000 374.000 384.000 392.461 nan 736.483 738.000 740.000 742.000 744.000 746.000 748.000 750.000 760.000 769.686 770.000 780.000 790.000 800.000 810.000 820.000 830.000 840.000 850.000 860.000 870.000 879.521 879.521 880.000 890.000 894.197
0.043 0.041 0.036 0.031 0.026 0.021 0.017 0.012 0.008 0.003 0.000 nan 0.000 0.003 0.006 0.009 0.012 0.014 0.016 0.018 0.026 0.031 0.031 0.029 0.028 0.026 0.024 0.022 0.021 0.019 0.017 0.015 0.013 0.011 0.011 0.010 0.003 0.000
BCC_B2#2
300.000 304.000 314.000 324.000 334.000 344.000 354.000 364.000 374.000 384.000 392.461 394.000 404.000 414.000 424.000 434.000 444.000 454.000 464.000 474.000 484.000 494.000 504.000 514.000 524.000 534.000 544.000 554.000 564.000 574.000 577.959 577.959 578.000 580.000 582.000 584.000 586.000 588.000 590.000 592.000 594.000 596.000 598.000 600.000 602.000 604.000 606.000 608.000 610.000 612.000 614.000 616.000 618.000 620.000 622.000 624.000 626.000 628.000 630.000 632.000 634.000 636.000 638.000 640.000 642.000 644.000 646.000 648.000 650.000 652.000 654.000 656.000 658.000 660.000 662.000 664.000 666.000 668.000 670.000 672.000 674.000 676.000 678.000 680.000 682.000 684.000 686.000 688.000 690.000 692.000 694.000 696.000 698.000 700.000 702.000 704.000 706.000 708.000 710.000 712.000 714.000 716.000 718.000 720.000 722.000 724.000 726.000 729.197 730.000 732.000 734.000 736.000 736.483 736.483 736.483 738.000 740.000 742.000 744.000 746.000 748.000 750.000 760.000 769.686 770.000 780.000 790.000 800.000 810.000 820.000 830.000 840.000 850.000 860.000 870.000 879.521 879.521 880.000 890.000 894.197 894.197 900.000 910.000 920.000 930.000 940.000 950.000 960.000 970.000 980.000 990.000 1000.000 1010.000 1020.000 1030.000 1040.000 1050.000 1060.000 1070.000 1080.000 1090.000 1100.000 1110.000 1120.000 1130.000 1140.000 1150.000 1160.000 1170.000 1180.000 1190.000 1200.000 1210.000 1220.000 1230.000 1240.000 1250.000 1260.000 1270.000 1280.000 1290.000 1300.000 1310.000 1320.000 1330.000 1340.000 1350.000 1360.000 1370.000 1380.000 1390.000 1400.000
0.275 0.276 0.279 0.282 0.285 0.287 0.290 0.292 0.295 0.297 0.299 0.299 0.300 0.301 0.301 0.302 0.303 0.303 0.304 0.305 0.306 0.307 0.308 0.309 0.310 0.311 0.313 0.314 0.316 0.317 0.318 0.318 0.318 0.318 0.318 0.318 0.319 0.319 0.319 0.319 0.319 0.319 0.320 0.320 0.320 0.320 0.321 0.321 0.321 0.321 0.322 0.322 0.322 0.323 0.323 0.323 0.324 0.324 0.324 0.325 0.325 0.326 0.326 0.327 0.327 0.328 0.328 0.329 0.329 0.330 0.331 0.331 0.332 0.333 0.334 0.334 0.335 0.336 0.337 0.338 0.339 0.340 0.342 0.343 0.345 0.346 0.348 0.349 0.351 0.353 0.356 0.358 0.361 0.364 0.367 0.371 0.375 0.379 0.384 0.390 0.397 0.405 0.414 0.424 0.437 0.451 0.467 0.496 0.501 0.512 0.524 0.536 0.540 0.540 0.540 0.552 0.568 0.585 0.601 0.618 0.635 0.652 0.739 0.831 0.832 0.841 0.851 0.861 0.873 0.885 0.898 0.913 0.929 0.947 0.968 0.989 0.989 0.990 0.997 1.000 1.000 1.000 1.000 1.000 1.000 1.000 1.000 1.000 1.000 1.000 1.000 1.000 1.000 1.000 1.000 1.000 1.000 1.000 1.000 1.000 1.000 1.000 1.000 1.000 1.000 1.000 1.000 1.000 1.000 1.000 1.000 1.000 1.000 1.000 1.000 1.000 1.000 1.000 1.000 1.000 1.000 1.000 1.000 1.000 1.000 1.000 1.000 1.000 1.000 1.000 1.000 1.000
BCC_B2
300.000 304.000 314.000 324.000 334.000 344.000 354.000 364.000 374.000 384.000 392.461 394.000 404.000 414.000 424.000 434.000 444.000 454.000 464.000 474.000 484.000 494.000 504.000 514.000 524.000 534.000 544.000 554.000 564.000 574.000 577.959 577.959 578.000 580.000 582.000 584.000 586.000 588.000 590.000 592.000 594.000 596.000 598.000 600.000 602.000 604.000 606.000 608.000 610.000 612.000 614.000 616.000 618.000 620.000 622.000 624.000 626.000 628.000 630.000 632.000 634.000 636.000 638.000 640.000 642.000 644.000 646.000 648.000 650.000 652.000 654.000 656.000 658.000 660.000 662.000 664.000 666.000 668.000 670.000 672.000 674.000 676.000 678.000 680.000 682.000 684.000 686.000 688.000 690.000 692.000 694.000 696.000 698.000 700.000 702.000 704.000 706.000 708.000 710.000 712.000 714.000 716.000 718.000 720.000 722.000 724.000 726.000 729.197 730.000 732.000 734.000 736.000 736.483 736.483 736.483 738.000 740.000 742.000 744.000 746.000 748.000 750.000 760.000 769.686 770.000 780.000 790.000 800.000 810.000 820.000 830.000 840.000 850.000 860.000 870.000 879.521
0.322 0.323 0.326 0.328 0.330 0.332 0.335 0.337 0.339 0.341 0.342 0.342 0.342 0.341 0.341 0.341 0.340 0.340 0.340 0.339 0.339 0.339 0.338 0.338 0.338 0.337 0.337 0.337 0.336 0.336 0.336 0.336 0.336 0.328 0.320 0.312 0.305 0.298 0.292 0.285 0.279 0.273 0.267 0.262 0.256 0.251 0.246 0.241 0.236 0.232 0.227 0.223 0.219 0.214 0.210 0.206 0.202 0.199 0.195 0.191 0.188 0.184 0.181 0.177 0.174 0.171 0.168 0.164 0.161 0.158 0.155 0.153 0.150 0.147 0.144 0.142 0.139 0.137 0.135 0.133 0.130 0.128 0.127 0.125 0.123 0.122 0.120 0.119 0.119 0.118 0.118 0.118 0.118 0.119 0.121 0.123 0.125 0.129 0.134 0.139 0.147 0.156 0.167 0.181 0.197 0.216 0.237 0.275 0.274 0.269 0.265 0.261 0.260 0.260 0.260 0.253 0.245 0.236 0.228 0.220 0.213 0.205 0.170 0.138 0.137 0.130 0.122 0.113 0.103 0.093 0.081 0.068 0.054 0.038 0.020 0.000
HCP_A3
300.000 304.000 314.000 324.000 334.000 344.000 354.000 364.000 374.000 384.000 392.461 394.000 404.000 414.000 424.000 434.000 444.000 454.000 464.000 474.000 484.000 494.000 504.000 514.000 524.000 534.000 544.000 554.000 564.000 574.000 577.959 577.959 578.000 580.000 582.000 584.000 586.000 588.000 590.000 592.000 594.000 596.000 598.000 600.000 602.000 604.000 606.000 608.000 610.000 612.000 614.000 616.000 618.000 620.000 622.000 624.000 626.000 628.000 630.000 632.000 634.000 636.000 638.000 640.000 642.000 644.000 646.000 648.000 650.000 652.000 654.000 656.000 658.000 660.000 662.000 664.000 666.000 668.000 670.000 672.000 674.000 676.000 678.000 680.000 682.000 684.000 686.000 688.000 690.000 692.000 694.000 696.000 698.000 700.000 702.000 704.000 706.000 708.000 710.000 712.000 714.000 716.000 718.000 720.000 722.000 724.000 726.000 729.197 730.000 732.000 734.000 736.000 736.483 736.483 736.483 738.000 740.000 742.000 744.000 746.000 748.000 750.000 760.000 769.686
0.360 0.359 0.359 0.359 0.359 0.359 0.359 0.359 0.359 0.359 0.359 0.359 0.358 0.358 0.358 0.358 0.357 0.357 0.356 0.356 0.355 0.355 0.354 0.353 0.352 0.352 0.351 0.349 0.348 0.347 0.346 0.346 0.346 0.345 0.343 0.342 0.340 0.339 0.338 0.337 0.336 0.334 0.333 0.332 0.331 0.330 0.329 0.328 0.327 0.326 0.325 0.324 0.323 0.322 0.322 0.321 0.320 0.319 0.318 0.317 0.316 0.315 0.314 0.314 0.313 0.312 0.311 0.310 0.309 0.308 0.307 0.306 0.305 0.305 0.304 0.303 0.302 0.301 0.300 0.299 0.298 0.297 0.296 0.294 0.293 0.292 0.291 0.290 0.288 0.287 0.286 0.284 0.283 0.281 0.279 0.278 0.276 0.274 0.271 0.269 0.266 0.263 0.259 0.255 0.251 0.246 0.240 0.228 0.226 0.218 0.211 0.203 0.200 0.200 0.200 0.192 0.181 0.170 0.159 0.148 0.136 0.125 0.065 0.000
BCC_B2#3
577.959 578.000 580.000 582.000 584.000 586.000 588.000 590.000 592.000 594.000 596.000 598.000 600.000 602.000 604.000 606.000 608.000 610.000 612.000 614.000 616.000 618.000 620.000 622.000 624.000 626.000 628.000 630.000 632.000 634.000 636.000 638.000 640.000 642.000 644.000 646.000 648.000 650.000 652.000 654.000 656.000 658.000 660.000 662.000 664.000 666.000 668.000 670.000 672.000 674.000 676.000 678.000 680.000 682.000 684.000 686.000 688.000 690.000 692.000 694.000 696.000 698.000 700.000 702.000 704.000 706.000 708.000 710.000 712.000 714.000 716.000 718.000 720.000 722.000 724.000 726.000 729.197
0.000 0.000 0.010 0.019 0.028 0.036 0.044 0.052 0.059 0.066 0.073 0.080 0.086 0.092 0.098 0.104 0.110 0.115 0.121 0.126 0.131 0.136 0.141 0.145 0.150 0.154 0.159 0.163 0.167 0.171 0.175 0.179 0.183 0.186 0.190 0.193 0.197 0.200 0.203 0.207 0.210 0.213 0.216 0.218 0.221 0.224 0.226 0.228 0.231 0.233 0.234 0.236 0.238 0.239 0.240 0.241 0.241 0.242 0.242 0.241 0.240 0.238 0.236 0.233 0.229 0.224 0.218 0.211 0.201 0.190 0.176 0.160 0.139 0.116 0.088 0.056 0.000
