22 23 41 24
0.431 0.319 0.139 0.111
BCC_B2#3
300.000 302.600 312.600 322.600 332.600 342.600 352.600 362.600 372.600 382.600 392.600 402.600 412.600 422.600 432.600 442.600 452.600 462.600 472.600 482.600 492.600 502.600 511.863 511.863 512.040
0.394 0.394 0.394 0.394 0.394 0.393 0.393 0.393 0.393 0.393 0.393 0.393 0.393 0.393 0.393 0.393 0.393 0.393 0.393 0.393 0.393 0.394 0.394 0.394 0.000
BCC_B2
300.000 302.600 312.600 322.600 332.600 342.600 352.600 362.600 372.600 382.600 392.600 402.600 412.600 422.600 432.600 442.600 452.600 462.600 472.600 482.600 492.600 502.600 511.863 511.863 512.040 512.600 522.600 532.600 542.600 552.600 562.600 572.600 582.600 592.600 592.600 602.600 612.600 622.600 632.600 642.600 652.600 662.600 672.600 682.600 692.600 702.600 712.600 722.600 732.600 742.600 752.600 762.600 770.243 772.600 782.600 792.600 802.600 802.732 802.732 802.800 802.900 803.000 803.100 803.200 803.300 803.400 803.500 803.600 803.700 803.800 803.900 804.000 804.100 804.200 804.300 804.400 804.500 804.600 804.700 804.800 804.900 805.000 805.100 805.200 805.300 805.400 805.500 805.600 805.700 805.800 805.900 806.000 806.100 806.200 806.300 806.400 806.500 806.600 806.700 806.800 806.900 807.000 807.100 807.200 807.300 807.400 807.500 807.600 807.700 807.800 807.900 808.000 808.100 808.200 808.300 808.400 808.500 808.600 808.700 808.800 808.900 809.000 809.100 809.200 809.300 809.400 809.500 809.600 809.700 809.800 809.900 810.000 810.100 810.200 810.300 810.400 810.500 810.600 810.700 810.800 810.900 811.000 811.100 811.200 811.300 811.400 811.500 811.600 811.700 811.800 811.900 812.000 812.100 812.200 812.300 812.400 812.500 812.600 812.700 812.800 812.900 813.000 813.100 813.200 813.300 813.400 813.500 813.600 813.700 813.800 813.900 814.000 814.100 814.200 814.300 814.400 814.500 814.600 814.700 814.800 814.900 815.000 815.100 815.200 815.300 815.400 815.500 815.600 815.700 815.800 815.900 816.000 816.100 816.200 816.300 816.400 816.500 816.600 816.700 816.800 816.900 817.000 817.100 817.200 817.300 817.400 817.500 817.600 817.700 817.800 817.900 818.000 818.100 818.200 818.300 818.400 818.500 818.600 818.700 818.800 818.900 819.000 819.100 819.200 819.300 819.400 819.500 819.600 819.700 819.800 819.900 820.000 830.000 840.000 850.000 850.000 860.000 870.000 880.000 890.000 900.000 910.000 920.000 930.000 940.000 950.000 960.000 970.000 980.000 990.000 1000.000 1010.000 1020.000 1030.000 1040.000 1050.000 1060.000 1070.000 1080.000 1090.000 1100.000 1110.000 1120.000 1130.000 1140.000 1150.000 1160.000 1170.000 1180.000 1190.000 1200.000 1210.000 1220.000 1230.000 1240.000 1250.000 1260.000 1270.000 1280.000 1290.000 1300.000 1310.000 1320.000 1330.000 1340.000 1350.000 1360.000 1370.000 1380.000 1390.000 1400.000
0.235 0.235 0.235 0.235 0.236 0.236 0.236 0.237 0.237 0.237 0.238 0.238 0.239 0.239 0.240 0.240 0.241 0.241 0.242 0.243 0.243 0.244 0.245 0.245 0.243 0.243 0.244 0.244 0.245 0.246 0.246 0.247 0.249 0.250 0.250 0.252 0.254 0.257 0.261 0.266 0.273 0.282 0.296 0.316 0.343 0.378 0.420 0.469 0.526 0.593 0.672 0.765 0.847 0.856 0.895 0.942 0.999 1.000 1.000 1.000 1.000 1.000 1.000 1.000 1.000 1.000 1.000 1.000 1.000 1.000 1.000 1.000 1.000 1.000 1.000 1.000 1.000 1.000 1.000 1.000 1.000 1.000 1.000 1.000 1.000 1.000 1.000 1.000 1.000 1.000 1.000 1.000 1.000 1.000 1.000 1.000 1.000 1.000 1.000 1.000 1.000 1.000 1.000 1.000 1.000 1.000 1.000 1.000 1.000 1.000 1.000 1.000 1.000 1.000 1.000 1.000 1.000 1.000 1.000 1.000 1.000 1.000 1.000 1.000 1.000 1.000 1.000 1.000 1.000 1.000 1.000 1.000 1.000 1.000 1.000 1.000 1.000 1.000 1.000 1.000 1.000 1.000 1.000 1.000 1.000 1.000 1.000 1.000 1.000 1.000 1.000 1.000 1.000 1.000 1.000 1.000 1.000 1.000 1.000 1.000 1.000 1.000 1.000 1.000 1.000 1.000 1.000 1.000 1.000 1.000 1.000 1.000 1.000 1.000 1.000 1.000 1.000 1.000 1.000 1.000 1.000 1.000 1.000 1.000 1.000 1.000 1.000 1.000 1.000 1.000 1.000 1.000 1.000 1.000 1.000 1.000 1.000 1.000 1.000 1.000 1.000 1.000 1.000 1.000 1.000 1.000 1.000 1.000 1.000 1.000 1.000 1.000 1.000 1.000 1.000 1.000 1.000 1.000 1.000 1.000 1.000 1.000 1.000 1.000 1.000 1.000 1.000 1.000 1.000 1.000 1.000 1.000 1.000 1.000 1.000 1.000 1.000 1.000 1.000 1.000 1.000 1.000 1.000 1.000 1.000 1.000 1.000 1.000 1.000 1.000 1.000 1.000 1.000 1.000 1.000 1.000 1.000 1.000 1.000 1.000 1.000 1.000 1.000 1.000 1.000 1.000 1.000 1.000 1.000 1.000 1.000 1.000 1.000 1.000 1.000 1.000 1.000 1.000 1.000 1.000 1.000 1.000 1.000 1.000 1.000 1.000 1.000 1.000 1.000 1.000 1.000
HCP_A3
300.000 302.600 312.600 322.600 332.600 342.600 352.600 362.600 372.600 382.600 392.600 402.600 412.600 422.600 432.600 442.600 452.600 462.600 472.600 482.600 492.600 502.600 511.863 511.863 512.040 512.600 522.600 532.600 542.600 552.600 562.600 572.600 582.600 592.600 592.600 602.600 612.600 622.600 632.600 642.600 652.600 662.600 672.600 682.600 692.600 702.600 712.600 722.600 732.600 742.600 752.600 762.600 770.243
0.371 0.371 0.371 0.371 0.371 0.371 0.370 0.370 0.370 0.370 0.369 0.369 0.369 0.368 0.368 0.367 0.367 0.366 0.365 0.364 0.363 0.362 0.361 0.361 0.307 0.307 0.305 0.304 0.302 0.301 0.299 0.297 0.295 0.293 0.293 0.291 0.288 0.285 0.282 0.278 0.274 0.268 0.261 0.251 0.239 0.223 0.204 0.182 0.155 0.123 0.086 0.041 0.000
BCC_B2#2
511.863 512.040 512.600 522.600 532.600 542.600 552.600 562.600 572.600 582.600 592.600 592.600 602.600 612.600 622.600 632.600 642.600 652.600 662.600 672.600 682.600 692.600 702.600 712.600 722.600 732.600 742.600 752.600 762.600 770.243 772.600 782.600 792.600 802.600 802.732 802.732
0.000 0.450 0.450 0.451 0.452 0.453 0.454 0.455 0.455 0.456 0.457 0.457 0.457 0.458 0.458 0.457 0.456 0.454 0.450 0.443 0.433 0.418 0.399 0.376 0.350 0.319 0.284 0.243 0.195 0.153 0.144 0.105 0.058 0.001 0.000 0.000
