22 23 41 24
0.431 0.319 0.125 0.125
BCC_B2#3
300.000 302.000 312.000 322.000 332.000 342.000 352.000 362.000 372.000 382.000 392.000 402.000 412.000 422.000 432.000 442.000 452.000 462.000 472.000 482.000 492.000 502.000 512.000 512.626 512.626 514.098
0.412 0.412 0.412 0.412 0.411 0.411 0.411 0.411 0.411 0.411 0.411 0.411 0.411 0.411 0.411 0.411 0.411 0.411 0.411 0.412 0.412 0.412 0.413 0.413 0.413 0.000
BCC_B2
300.000 302.000 312.000 322.000 332.000 342.000 352.000 362.000 372.000 382.000 392.000 402.000 412.000 422.000 432.000 442.000 452.000 462.000 472.000 482.000 492.000 502.000 512.000 512.626 512.626 514.098 516.000 518.000 520.000 522.000 524.000 526.000 528.000 528.000 530.000 532.000 534.000 536.000 538.000 540.000 542.000 544.000 546.000 548.000 550.000 552.000 554.000 556.000 558.000 560.000 562.000 564.000 566.000 568.000 570.000 572.000 574.000 576.000 578.000 580.000 582.000 584.000 586.000 588.000 590.000 592.000 594.000 596.000 598.000 600.000 602.000 604.000 606.000 608.000 610.000 612.000 614.000 616.000 618.000 620.000 622.000 624.000 626.000 628.000 630.000 632.000 634.000 636.000 638.000 640.000 642.000 644.000 646.000 648.000 650.000 652.000 654.000 656.000 658.000 660.000 662.000 664.000 666.000 668.000 670.000 672.000 674.000 676.000 678.000 680.000 682.000 684.000 686.000 688.000 690.000 692.000 694.000 696.000 698.000 700.000 702.000 704.000 706.000 708.000 710.000 720.000 730.000 740.000 750.000 760.000 770.000 777.152 780.000 790.000 800.000 810.000 818.067 820.000 830.000 840.000 850.000 850.000 860.000 870.000 880.000 890.000 900.000 910.000 920.000 930.000 940.000 950.000 960.000 970.000 980.000 990.000 1000.000 1010.000 1020.000 1030.000 1040.000 1050.000 1060.000 1070.000 1080.000 1090.000 1100.000 1110.000 1120.000 1130.000 1140.000 1150.000 1160.000 1170.000 1180.000 1190.000 1200.000 1210.000 1220.000 1230.000 1240.000 1250.000 1260.000 1270.000 1280.000 1290.000 1300.000 1310.000 1320.000 1330.000 1340.000 1350.000 1360.000 1370.000 1380.000 1390.000 1400.000
0.213 0.213 0.213 0.214 0.214 0.214 0.214 0.215 0.215 0.215 0.216 0.216 0.217 0.217 0.217 0.218 0.218 0.219 0.219 0.219 0.220 0.221 0.221 0.221 0.221 0.219 0.219 0.219 0.219 0.219 0.219 0.219 0.219 0.219 0.219 0.219 0.219 0.219 0.219 0.219 0.219 0.219 0.219 0.219 0.219 0.219 0.219 0.219 0.219 0.219 0.219 0.219 0.220 0.220 0.220 0.220 0.220 0.220 0.220 0.220 0.220 0.220 0.220 0.220 0.221 0.221 0.221 0.221 0.221 0.221 0.221 0.221 0.222 0.222 0.222 0.222 0.222 0.223 0.223 0.223 0.223 0.224 0.224 0.224 0.225 0.225 0.226 0.226 0.227 0.227 0.228 0.228 0.229 0.230 0.230 0.231 0.232 0.233 0.234 0.235 0.237 0.238 0.239 0.241 0.243 0.244 0.246 0.249 0.251 0.254 0.257 0.260 0.263 0.267 0.271 0.276 0.281 0.286 0.291 0.297 0.303 0.310 0.317 0.324 0.331 0.373 0.422 0.479 0.545 0.624 0.718 0.797 0.807 0.845 0.891 0.947 1.000 1.000 1.000 1.000 1.000 1.000 1.000 1.000 1.000 1.000 1.000 1.000 1.000 1.000 1.000 1.000 1.000 1.000 1.000 1.000 1.000 1.000 1.000 1.000 1.000 1.000 1.000 1.000 1.000 1.000 1.000 1.000 1.000 1.000 1.000 1.000 1.000 1.000 1.000 1.000 1.000 1.000 1.000 1.000 1.000 1.000 1.000 1.000 1.000 1.000 1.000 1.000 1.000 1.000 1.000 1.000 1.000 1.000 1.000 1.000 1.000
HCP_A3
300.000 302.000 312.000 322.000 332.000 342.000 352.000 362.000 372.000 382.000 392.000 402.000 412.000 422.000 432.000 442.000 452.000 462.000 472.000 482.000 492.000 502.000 512.000 512.626 512.626 514.098 516.000 518.000 520.000 522.000 524.000 526.000 528.000 528.000 530.000 532.000 534.000 536.000 538.000 540.000 542.000 544.000 546.000 548.000 550.000 552.000 554.000 556.000 558.000 560.000 562.000 564.000 566.000 568.000 570.000 572.000 574.000 576.000 578.000 580.000 582.000 584.000 586.000 588.000 590.000 592.000 594.000 596.000 598.000 600.000 602.000 604.000 606.000 608.000 610.000 612.000 614.000 616.000 618.000 620.000 622.000 624.000 626.000 628.000 630.000 632.000 634.000 636.000 638.000 640.000 642.000 644.000 646.000 648.000 650.000 652.000 654.000 656.000 658.000 660.000 662.000 664.000 666.000 668.000 670.000 672.000 674.000 676.000 678.000 680.000 682.000 684.000 686.000 688.000 690.000 692.000 694.000 696.000 698.000 700.000 702.000 704.000 706.000 708.000 710.000 720.000 730.000 740.000 750.000 760.000 770.000 777.152
0.375 0.375 0.375 0.375 0.375 0.375 0.374 0.374 0.374 0.374 0.374 0.373 0.373 0.373 0.372 0.372 0.371 0.370 0.370 0.369 0.368 0.367 0.366 0.366 0.366 0.305 0.305 0.305 0.304 0.304 0.304 0.304 0.303 0.303 0.303 0.303 0.303 0.303 0.302 0.302 0.302 0.302 0.301 0.301 0.301 0.301 0.300 0.300 0.300 0.300 0.299 0.299 0.299 0.299 0.298 0.298 0.298 0.298 0.297 0.297 0.297 0.296 0.296 0.296 0.295 0.295 0.295 0.294 0.294 0.294 0.293 0.293 0.293 0.292 0.292 0.291 0.291 0.291 0.290 0.290 0.289 0.289 0.288 0.288 0.287 0.287 0.286 0.285 0.285 0.284 0.284 0.283 0.282 0.282 0.281 0.280 0.279 0.278 0.278 0.277 0.276 0.275 0.274 0.273 0.272 0.270 0.269 0.268 0.266 0.265 0.263 0.262 0.260 0.258 0.256 0.254 0.251 0.249 0.246 0.243 0.240 0.237 0.234 0.231 0.227 0.207 0.184 0.157 0.124 0.086 0.040 0.000
BCC_B2#2
512.626 514.098 516.000 518.000 520.000 522.000 524.000 526.000 528.000 528.000 530.000 532.000 534.000 536.000 538.000 540.000 542.000 544.000 546.000 548.000 550.000 552.000 554.000 556.000 558.000 560.000 562.000 564.000 566.000 568.000 570.000 572.000 574.000 576.000 578.000 580.000 582.000 584.000 586.000 588.000 590.000 592.000 594.000 596.000 598.000 600.000 602.000 604.000 606.000 608.000 610.000 612.000 614.000 616.000 618.000 620.000 622.000 624.000 626.000 628.000 630.000 632.000 634.000 636.000 638.000 640.000 642.000 644.000 646.000 648.000 650.000 652.000 654.000 656.000 658.000 660.000 662.000 664.000 666.000 668.000 670.000 672.000 674.000 676.000 678.000 680.000 682.000 684.000 686.000 688.000 690.000 692.000 694.000 696.000 698.000 700.000 702.000 704.000 706.000 708.000 710.000 720.000 730.000 740.000 750.000 760.000 770.000 777.152 780.000 790.000 800.000 810.000 818.067
0.000 0.476 0.477 0.477 0.477 0.477 0.477 0.478 0.478 0.478 0.478 0.478 0.478 0.479 0.479 0.479 0.479 0.479 0.479 0.480 0.480 0.480 0.480 0.480 0.481 0.481 0.481 0.481 0.482 0.482 0.482 0.482 0.482 0.483 0.483 0.483 0.483 0.483 0.484 0.484 0.484 0.484 0.484 0.485 0.485 0.485 0.485 0.486 0.486 0.486 0.486 0.486 0.487 0.487 0.487 0.487 0.487 0.488 0.488 0.488 0.488 0.488 0.488 0.488 0.488 0.489 0.489 0.489 0.489 0.489 0.489 0.489 0.489 0.488 0.488 0.488 0.488 0.487 0.487 0.486 0.486 0.485 0.484 0.483 0.482 0.481 0.480 0.478 0.477 0.475 0.473 0.471 0.468 0.466 0.463 0.460 0.456 0.453 0.449 0.445 0.441 0.419 0.394 0.365 0.330 0.290 0.242 0.203 0.193 0.155 0.109 0.053 0.000
