22 23 41 24
0.444 0.222 0.222 0.111
BCC_B2#2
700.000 704.000 714.000 724.000 727.767 727.767 728.000 730.000 732.000 734.000 736.000 738.000 740.000 742.000 744.000 746.000 748.000 750.000 760.000 762.667 770.000 780.000 790.000 800.000 800.853
0.241 0.237 0.227 0.213 0.207 0.207 0.206 0.195 0.184 0.173 0.162 0.151 0.141 0.130 0.120 0.111 0.101 0.092 0.049 0.037 0.031 0.022 0.012 0.001 0.000
BCC_B2
700.000 704.000 714.000 724.000 727.767 727.767 728.000 730.000 732.000 734.000 736.000 738.000 740.000 742.000 744.000 746.000 748.000 750.000 760.000 762.667 770.000 780.000 790.000 800.000 800.853 810.000 820.000 820.000 830.000 840.000 850.000 860.000 870.000 880.000 890.000 898.110 900.000 910.000 920.000 930.000 940.000 950.000 960.000 970.000 980.000 990.000 1000.000 1010.000 1020.000 1030.000 1040.000 1050.000 1060.000 1070.000 1080.000 1090.000 1100.000 1110.000 1120.000 1130.000 1140.000 1150.000 1160.000 1170.000 1180.000 1190.000 1200.000
0.470 0.479 0.506 0.544 0.562 0.562 0.564 0.580 0.598 0.617 0.636 0.655 0.674 0.694 0.713 0.733 0.753 0.772 0.874 0.903 0.910 0.920 0.931 0.942 0.943 0.948 0.954 0.954 0.959 0.965 0.971 0.976 0.982 0.989 0.995 1.000 1.000 1.000 1.000 1.000 1.000 1.000 1.000 1.000 1.000 1.000 1.000 1.000 1.000 1.000 1.000 1.000 1.000 1.000 1.000 1.000 1.000 1.000 1.000 1.000 1.000 1.000 1.000 1.000 1.000 1.000 1.000
HCP_A3
700.000 704.000 714.000 724.000 727.767 727.767 728.000 730.000 732.000 734.000 736.000 738.000 740.000 742.000 744.000 746.000 748.000 750.000 760.000 762.667
0.289 0.284 0.267 0.242 0.231 0.231 0.230 0.218 0.207 0.194 0.181 0.169 0.156 0.143 0.130 0.116 0.103 0.090 0.020 0.000
C15_LAVES
727.767 728.000 730.000 732.000 734.000 736.000 738.000 740.000 742.000 744.000 746.000 748.000 750.000 760.000 762.667 770.000 780.000 790.000 800.000 800.853 810.000 820.000 820.000 830.000 840.000 850.000 860.000 870.000 880.000 890.000 898.110
0.000 0.001 0.006 0.011 0.016 0.021 0.025 0.029 0.033 0.037 0.040 0.043 0.046 0.057 0.060 0.059 0.058 0.058 0.057 0.057 0.052 0.046 0.046 0.041 0.035 0.029 0.024 0.018 0.011 0.005 0.000
