22 23 41 24
0.444 0.264 0.153 0.139
BCC_B2#3
700.000 702.000 704.000 706.000 708.000 710.000 712.000 714.000 716.000 719.832 719.832 720.000 722.000 724.000 726.000 728.000 730.000 732.000 734.000 736.000 738.000 740.000 742.000 744.000 746.000 748.000 750.954
0.410 0.409 0.408 0.406 0.404 0.403 0.401 0.398 0.395 0.389 0.389 0.388 0.372 0.352 0.330 0.306 0.280 0.253 0.226 0.199 0.172 0.145 0.118 0.092 0.066 0.040 0.000
BCC_B2
700.000 702.000 704.000 706.000 708.000 710.000 712.000 714.000 716.000 719.832 719.832 720.000 722.000 724.000 726.000 728.000 730.000 732.000 734.000 736.000 738.000 740.000 742.000 744.000 746.000 748.000 750.954 752.000 754.000 756.000 758.000 760.000 762.000 764.000 766.000 768.000 770.000 772.000 774.000 776.000 777.257 777.257 780.000 790.000 800.000 810.000 820.000 830.000 840.000 850.000 860.000 870.000 873.963 880.000 890.000 900.000 910.000 920.000 930.000 940.000 950.000 950.000 960.000 970.000 980.000 990.000 1000.000 1010.000 1020.000 1030.000 1040.000 1050.000 1060.000 1070.000 1080.000 1090.000 1100.000 1110.000 1120.000 1130.000 1140.000 1150.000 1160.000 1170.000 1180.000 1190.000 1200.000
0.302 0.305 0.308 0.311 0.315 0.319 0.323 0.328 0.334 0.347 0.347 0.348 0.357 0.369 0.382 0.396 0.411 0.428 0.445 0.462 0.480 0.498 0.516 0.535 0.554 0.573 0.602 0.609 0.624 0.638 0.653 0.669 0.685 0.701 0.718 0.735 0.753 0.771 0.790 0.810 0.822 0.822 0.825 0.836 0.848 0.861 0.876 0.893 0.911 0.933 0.958 0.987 1.000 1.000 1.000 1.000 1.000 1.000 1.000 1.000 1.000 1.000 1.000 1.000 1.000 1.000 1.000 1.000 1.000 1.000 1.000 1.000 1.000 1.000 1.000 1.000 1.000 1.000 1.000 1.000 1.000 1.000 1.000 1.000 1.000 1.000 1.000
HCP_A3
700.000 702.000 704.000 706.000 708.000 710.000 712.000 714.000 716.000 719.832 719.832 720.000 722.000 724.000 726.000 728.000 730.000 732.000 734.000 736.000 738.000 740.000 742.000 744.000 746.000 748.000 750.954 752.000 754.000 756.000 758.000 760.000 762.000 764.000 766.000 768.000 770.000 772.000 774.000 776.000 777.257 777.257
0.288 0.286 0.285 0.283 0.281 0.279 0.276 0.274 0.271 0.264 0.264 0.264 0.260 0.256 0.250 0.245 0.239 0.232 0.225 0.217 0.210 0.202 0.193 0.185 0.176 0.167 0.153 0.148 0.138 0.128 0.118 0.107 0.097 0.085 0.073 0.061 0.049 0.036 0.023 0.009 0.000 0.000
BCC_B2#2
719.832 720.000 722.000 724.000 726.000 728.000 730.000 732.000 734.000 736.000 738.000 740.000 742.000 744.000 746.000 748.000 750.954 752.000 754.000 756.000 758.000 760.000 762.000 764.000 766.000 768.000 770.000 772.000 774.000 776.000 777.257 777.257 780.000 790.000 800.000 810.000 820.000 830.000 840.000 850.000 860.000 870.000 873.963
0.000 0.001 0.011 0.023 0.038 0.053 0.070 0.087 0.105 0.122 0.139 0.156 0.172 0.188 0.204 0.221 0.245 0.243 0.238 0.233 0.229 0.224 0.219 0.214 0.209 0.203 0.198 0.193 0.187 0.181 0.178 0.178 0.175 0.164 0.152 0.139 0.124 0.107 0.089 0.067 0.042 0.013 0.000
