22 23 41 24
0.444 0.278 0.167 0.111
BCC_B2#3
700.000 701.600 703.600 705.600 707.600 709.600 711.600 713.600 715.600 717.600 719.600 721.600 723.600 725.600 735.600 745.600 755.600 765.600 768.669 775.600 781.296 781.296 785.600 785.800
0.367 0.365 0.362 0.358 0.354 0.350 0.346 0.342 0.337 0.332 0.326 0.321 0.315 0.309 0.277 0.242 0.203 0.159 0.145 0.129 0.114 0.114 0.038 0.034
BCC_B2
700.000 701.600 703.600 705.600 707.600 709.600 711.600 713.600 715.600 717.600 719.600 721.600 723.600 725.600 735.600 745.600 755.600 765.600 768.669 775.600 781.296 781.296 785.600 785.800 nan 785.800 785.800 785.900 786.000 786.100 786.200 786.300 786.400 786.500 786.600 786.700 786.800 786.900 787.000 787.100 787.200 787.300 787.400 787.500 787.600 787.700 787.800 787.900 788.000 788.100 788.200 788.300 788.400 788.500 788.600 788.700 788.800 788.900 789.000 789.100 789.200 789.300 789.400 789.500 789.600 789.700 789.800 789.900 790.000 790.100 790.200 790.300 790.400 790.500 790.600 790.700 790.800 790.900 791.000 791.100 791.200 791.300 791.400 791.500 791.600 791.700 791.800 791.900 792.000 792.100 792.200 792.300 792.400 792.500 792.600 792.700 792.800 792.900 793.000 793.100 793.200 793.300 793.400 793.500 793.600 793.700 793.800 793.900 794.000 794.100 794.200 794.300 794.400 794.500 794.600 794.700 794.800 794.900 795.000 795.100 795.200 795.300 795.400 795.500 795.600 795.700 795.800 795.900 796.000 796.100 796.200 796.300 796.400 796.500 796.600 796.700 796.800 796.900 797.000 797.100 797.200 797.300 797.400 797.500 797.600 797.700 797.800 797.900 798.000 798.100 798.200 798.300 798.400 798.500 798.600 798.700 798.800 798.900 799.000 799.100 799.200 799.300 799.400 799.500 799.600 799.700 799.800 799.900 800.000 810.000 820.000 826.475 826.475 830.000 840.000 850.000 860.000 870.000 870.000 880.000 890.000 900.000 910.000 920.000 930.000 940.000 950.000 960.000 970.000 980.000 990.000 1000.000 1010.000 1020.000 1030.000 1040.000 1050.000 1060.000 1070.000 1080.000 1090.000 1100.000 1110.000 1120.000 1130.000 1140.000 1150.000 1160.000 1170.000 1180.000 1190.000 1200.000
0.375 0.380 0.386 0.392 0.400 0.407 0.416 0.425 0.434 0.444 0.454 0.465 0.477 0.489 0.555 0.631 0.719 0.821 0.855 0.871 0.886 0.886 0.909 0.910 nan 0.916 0.942 0.917 0.917 0.917 0.917 0.917 0.917 0.917 0.918 0.918 0.918 0.918 0.918 0.918 0.919 0.919 0.919 0.919 0.919 0.919 0.920 0.920 0.920 0.920 0.920 0.920 0.921 0.921 0.921 0.921 0.921 0.921 0.922 0.922 0.922 0.922 0.922 0.922 0.923 0.923 0.923 0.923 0.923 0.923 0.924 0.924 0.924 0.924 0.924 0.924 0.925 0.925 0.925 0.925 0.925 0.925 0.926 0.926 0.926 0.926 0.926 0.926 0.927 0.927 0.927 0.927 0.927 0.927 0.928 0.928 0.928 0.928 0.928 0.928 0.929 0.929 0.929 0.929 0.929 0.929 0.930 0.930 0.930 0.930 0.930 0.930 0.931 0.931 0.931 0.931 0.931 0.932 0.932 0.932 0.932 0.932 0.932 0.933 0.933 0.933 0.933 0.933 0.933 0.934 0.934 0.934 0.934 0.934 0.935 0.935 0.935 0.935 0.935 0.935 0.936 0.936 0.936 0.936 0.936 0.937 0.937 0.937 0.937 0.937 0.937 0.938 0.938 0.938 0.938 0.938 0.939 0.939 0.939 0.939 0.939 0.939 0.940 0.940 0.940 0.940 0.940 0.941 0.941 0.961 0.983 1.000 1.000 1.000 1.000 1.000 1.000 1.000 1.000 1.000 1.000 1.000 1.000 1.000 1.000 1.000 1.000 1.000 1.000 1.000 1.000 1.000 1.000 1.000 1.000 1.000 1.000 1.000 1.000 1.000 1.000 1.000 1.000 1.000 1.000 1.000 1.000 1.000 1.000 1.000 1.000 1.000
HCP_A3
700.000 701.600 703.600 705.600 707.600 709.600 711.600 713.600 715.600 717.600 719.600 721.600 723.600 725.600 735.600 745.600 755.600 765.600 768.669
0.258 0.256 0.253 0.249 0.246 0.242 0.238 0.234 0.229 0.224 0.219 0.214 0.208 0.202 0.168 0.127 0.078 0.020 0.000
BCC_B2#2
781.296 785.600 785.800 nan 785.800 785.800 785.900 786.000 786.100 786.200 786.300 786.400 786.500 786.600 786.700 786.800 786.900 787.000 787.100 787.200 787.300 787.400 787.500 787.600 787.700 787.800 787.900 788.000 788.100 788.200 788.300 788.400 788.500 788.600 788.700 788.800 788.900 789.000 789.100 789.200 789.300 789.400 789.500 789.600 789.700 789.800 789.900 790.000 790.100 790.200 790.300 790.400 790.500 790.600 790.700 790.800 790.900 791.000 791.100 791.200 791.300 791.400 791.500 791.600 791.700 791.800 791.900 792.000 792.100 792.200 792.300 792.400 792.500 792.600 792.700 792.800 792.900 793.000 793.100 793.200 793.300 793.400 793.500 793.600 793.700 793.800 793.900 794.000 794.100 794.200 794.300 794.400 794.500 794.600 794.700 794.800 794.900 795.000 795.100 795.200 795.300 795.400 795.500 795.600 795.700 795.800 795.900 796.000 796.100 796.200 796.300 796.400 796.500 796.600 796.700 796.800 796.900 797.000 797.100 797.200 797.300 797.400 797.500 797.600 797.700 797.800 797.900 798.000 798.100 798.200 798.300 798.400 798.500 798.600 798.700 798.800 798.900 799.000 799.100 799.200 799.300 799.400 799.500 799.600 799.700 799.800 799.900 800.000 810.000 820.000 826.475 826.475
0.000 0.054 0.057 nan 0.084 0.058 0.083 0.083 0.083 0.083 0.083 0.083 0.083 0.082 0.082 0.082 0.082 0.082 0.082 0.081 0.081 0.081 0.081 0.081 0.081 0.080 0.080 0.080 0.080 0.080 0.080 0.079 0.079 0.079 0.079 0.079 0.079 0.078 0.078 0.078 0.078 0.078 0.078 0.077 0.077 0.077 0.077 0.077 0.077 0.076 0.076 0.076 0.076 0.076 0.076 0.075 0.075 0.075 0.075 0.075 0.075 0.074 0.074 0.074 0.074 0.074 0.074 0.073 0.073 0.073 0.073 0.073 0.073 0.072 0.072 0.072 0.072 0.072 0.072 0.071 0.071 0.071 0.071 0.071 0.071 0.070 0.070 0.070 0.070 0.070 0.070 0.069 0.069 0.069 0.069 0.069 0.068 0.068 0.068 0.068 0.068 0.068 0.067 0.067 0.067 0.067 0.067 0.067 0.066 0.066 0.066 0.066 0.066 0.065 0.065 0.065 0.065 0.065 0.065 0.064 0.064 0.064 0.064 0.064 0.063 0.063 0.063 0.063 0.063 0.063 0.062 0.062 0.062 0.062 0.062 0.061 0.061 0.061 0.061 0.061 0.061 0.060 0.060 0.060 0.060 0.060 0.059 0.059 0.039 0.017 0.000 0.000
