22 23 41 24
0.444 0.222 0.208 0.125
BCC_B2#2
700.000 708.000 718.000 721.315 721.315 722.000 724.000 726.000 728.000 730.000 732.000 734.000 736.000 738.000 740.000 742.000 744.000 746.000 748.000 750.000 760.000 766.457 770.000 780.000 790.000 800.000 810.000 818.737
0.269 0.263 0.254 0.250 0.250 0.248 0.240 0.232 0.223 0.214 0.204 0.194 0.183 0.173 0.164 0.154 0.145 0.136 0.127 0.119 0.079 0.054 0.051 0.042 0.033 0.022 0.011 0.000
BCC_B2
700.000 708.000 718.000 721.315 721.315 722.000 724.000 726.000 728.000 730.000 732.000 734.000 736.000 738.000 740.000 742.000 744.000 746.000 748.000 750.000 760.000 766.457 770.000 780.000 790.000 800.000 810.000 818.737 820.000 830.000 840.000 850.000 850.000 860.000 870.000 880.000 890.000 900.000 910.000 920.000 921.805 930.000 940.000 950.000 960.000 970.000 980.000 990.000 1000.000 1010.000 1020.000 1030.000 1040.000 1050.000 1060.000 1070.000 1080.000 1090.000 1100.000 1110.000 1120.000 1130.000 1140.000 1150.000 1160.000 1170.000 1180.000 1190.000 1200.000
0.429 0.445 0.471 0.482 0.482 0.485 0.496 0.508 0.522 0.537 0.554 0.571 0.589 0.607 0.625 0.643 0.661 0.679 0.697 0.716 0.811 0.876 0.880 0.889 0.900 0.912 0.924 0.936 0.936 0.942 0.948 0.954 0.954 0.960 0.966 0.972 0.979 0.985 0.992 0.999 1.000 1.000 1.000 1.000 1.000 1.000 1.000 1.000 1.000 1.000 1.000 1.000 1.000 1.000 1.000 1.000 1.000 1.000 1.000 1.000 1.000 1.000 1.000 1.000 1.000 1.000 1.000 1.000 1.000
HCP_A3
700.000 708.000 718.000 721.315 721.315 722.000 724.000 726.000 728.000 730.000 732.000 734.000 736.000 738.000 740.000 742.000 744.000 746.000 748.000 750.000 760.000 766.457
0.302 0.292 0.275 0.268 0.268 0.266 0.259 0.250 0.241 0.231 0.220 0.208 0.196 0.184 0.172 0.160 0.148 0.136 0.123 0.111 0.046 0.000
C15_LAVES
721.315 722.000 724.000 726.000 728.000 730.000 732.000 734.000 736.000 738.000 740.000 742.000 744.000 746.000 748.000 750.000 760.000 766.457 770.000 780.000 790.000 800.000 810.000 818.737 820.000 830.000 840.000 850.000 850.000 860.000 870.000 880.000 890.000 900.000 910.000 920.000 921.805
0.000 0.001 0.005 0.009 0.013 0.018 0.023 0.027 0.032 0.036 0.040 0.043 0.046 0.049 0.052 0.055 0.065 0.070 0.069 0.068 0.067 0.066 0.065 0.064 0.064 0.058 0.052 0.046 0.046 0.040 0.034 0.028 0.021 0.015 0.008 0.001 0.000
