22 23 41 24
0.444 0.236 0.208 0.111
BCC_B2#2
700.000 704.000 714.000 724.000 734.000 737.915 737.915 738.000 740.000 742.000 744.000 746.000 748.000 750.000 760.000 764.453 770.000 780.000 790.000 800.000 810.000 820.000 830.000 831.728 831.728
0.251 0.247 0.234 0.217 0.197 0.189 0.189 0.189 0.178 0.168 0.159 0.150 0.141 0.132 0.090 0.073 0.068 0.059 0.050 0.039 0.028 0.016 0.002 0.000 0.000
BCC_B2
700.000 704.000 714.000 724.000 734.000 737.915 737.915 738.000 740.000 742.000 744.000 746.000 748.000 750.000 760.000 764.453 770.000 780.000 790.000 800.000 810.000 820.000 830.000 831.728 831.728 840.000 850.000 860.000 870.000 872.591 872.591 880.000 890.000 900.000 910.000 920.000 930.000 940.000 950.000 960.000 970.000 980.000 990.000 1000.000 1010.000 1020.000 1030.000 1040.000 1050.000 1060.000 1070.000 1080.000 1090.000 1100.000 1110.000 1120.000 1130.000 1140.000 1150.000 1160.000 1170.000 1180.000 1190.000 1200.000
0.463 0.474 0.507 0.551 0.608 0.634 0.634 0.634 0.653 0.672 0.691 0.710 0.729 0.748 0.847 0.894 0.899 0.909 0.919 0.931 0.943 0.957 0.972 0.974 0.974 0.979 0.986 0.992 0.998 1.000 1.000 1.000 1.000 1.000 1.000 1.000 1.000 1.000 1.000 1.000 1.000 1.000 1.000 1.000 1.000 1.000 1.000 1.000 1.000 1.000 1.000 1.000 1.000 1.000 1.000 1.000 1.000 1.000 1.000 1.000 1.000 1.000 1.000 1.000
HCP_A3
700.000 704.000 714.000 724.000 734.000 737.915 737.915 738.000 740.000 742.000 744.000 746.000 748.000 750.000 760.000 764.453
0.286 0.279 0.259 0.232 0.195 0.178 0.178 0.177 0.164 0.152 0.139 0.126 0.113 0.100 0.032 0.000
C15_LAVES
737.915 738.000 740.000 742.000 744.000 746.000 748.000 750.000 760.000 764.453 770.000 780.000 790.000 800.000 810.000 820.000 830.000 831.728 831.728 840.000 850.000 860.000 870.000 872.591 872.591
0.000 0.000 0.004 0.008 0.011 0.014 0.017 0.020 0.030 0.034 0.033 0.032 0.031 0.030 0.029 0.027 0.026 0.026 0.026 0.021 0.014 0.008 0.002 0.000 0.000
