22 23 41 24
0.458 0.278 0.153 0.111
BCC_B2#3
700.000 702.000 704.000 706.000 708.000 710.000 712.000 714.000 716.000 718.000 720.000 730.000 740.000 750.000 760.000 770.000 774.300 780.000 790.000 797.559 797.559 800.000 800.259
0.377 0.374 0.371 0.367 0.363 0.359 0.355 0.351 0.346 0.341 0.336 0.308 0.276 0.240 0.201 0.156 0.136 0.121 0.093 0.070 0.070 0.007 0.000
BCC_B2
700.000 702.000 704.000 706.000 708.000 710.000 712.000 714.000 716.000 718.000 720.000 730.000 740.000 750.000 760.000 770.000 774.300 780.000 790.000 797.559 797.559 800.000 800.259 nan 800.000 800.259 810.000 820.000 821.850 821.850 830.000 840.000 850.000 860.000 870.000 870.000 880.000 890.000 900.000 910.000 920.000 930.000 940.000 950.000 960.000 970.000 980.000 990.000 1000.000 1010.000 1020.000 1030.000 1040.000 1050.000 1060.000 1070.000 1080.000 1090.000 1100.000 1110.000 1120.000 1130.000 1140.000 1150.000 1160.000 1170.000 1180.000 1190.000 1200.000
0.348 0.354 0.360 0.367 0.374 0.382 0.390 0.399 0.408 0.417 0.428 0.484 0.550 0.626 0.714 0.816 0.864 0.879 0.907 0.930 0.930 0.946 0.948 nan 0.947 0.948 0.969 0.995 1.000 1.000 1.000 1.000 1.000 1.000 1.000 1.000 1.000 1.000 1.000 1.000 1.000 1.000 1.000 1.000 1.000 1.000 1.000 1.000 1.000 1.000 1.000 1.000 1.000 1.000 1.000 1.000 1.000 1.000 1.000 1.000 1.000 1.000 1.000 1.000 1.000 1.000 1.000 1.000 1.000
HCP_A3
700.000 702.000 704.000 706.000 708.000 710.000 712.000 714.000 716.000 718.000 720.000 730.000 740.000 750.000 760.000 770.000 774.300
0.275 0.272 0.269 0.266 0.263 0.259 0.255 0.251 0.246 0.242 0.237 0.208 0.174 0.134 0.086 0.028 0.000
BCC_B2#2
797.559 800.000 800.259 nan 800.000 800.259 810.000 820.000 821.850 821.850
0.000 0.047 0.052 nan 0.053 0.052 0.031 0.005 0.000 0.000
