22 23 41 24
0.458 0.292 0.111 0.139
BCC_B2#3
700.000 702.000 704.000 706.000 708.000 710.000 712.000 714.000 716.000 718.000 720.000 722.000 724.000 726.000 728.000 730.000 740.000 750.000 760.000 770.000 780.000 790.000 791.124 800.000 810.000 820.000 825.047 825.047 826.150
0.478 0.477 0.475 0.474 0.471 0.469 0.466 0.463 0.460 0.457 0.453 0.449 0.445 0.441 0.437 0.432 0.409 0.382 0.352 0.316 0.273 0.223 0.217 0.189 0.154 0.114 0.091 0.091 0.000
BCC_B2
700.000 702.000 704.000 706.000 708.000 710.000 712.000 714.000 716.000 718.000 720.000 722.000 724.000 726.000 728.000 730.000 740.000 750.000 760.000 770.000 780.000 790.000 791.124 800.000 810.000 820.000 825.047 825.047 826.150 830.000 840.000 846.967 846.967 850.000 860.000 870.000 870.000 880.000 890.000 900.000 910.000 920.000 930.000 940.000 950.000 960.000 970.000 980.000 990.000 1000.000 1010.000 1020.000 1030.000 1040.000 1050.000 1060.000 1070.000 1080.000 1090.000 1100.000 1110.000 1120.000 1130.000 1140.000 1150.000 1160.000 1170.000 1180.000 1190.000 1200.000
0.222 0.226 0.229 0.233 0.238 0.243 0.248 0.254 0.261 0.268 0.275 0.283 0.291 0.300 0.308 0.317 0.366 0.422 0.487 0.564 0.657 0.769 0.783 0.811 0.846 0.886 0.909 0.909 0.919 0.931 0.968 1.000 1.000 1.000 1.000 1.000 1.000 1.000 1.000 1.000 1.000 1.000 1.000 1.000 1.000 1.000 1.000 1.000 1.000 1.000 1.000 1.000 1.000 1.000 1.000 1.000 1.000 1.000 1.000 1.000 1.000 1.000 1.000 1.000 1.000 1.000 1.000 1.000 1.000 1.000
HCP_A3
700.000 702.000 704.000 706.000 708.000 710.000 712.000 714.000 716.000 718.000 720.000 722.000 724.000 726.000 728.000 730.000 740.000 750.000 760.000 770.000 780.000 790.000 791.124
0.299 0.298 0.296 0.293 0.291 0.288 0.286 0.282 0.279 0.276 0.272 0.268 0.264 0.260 0.255 0.250 0.225 0.196 0.161 0.120 0.070 0.008 0.000
BCC_B2#2
825.047 826.150 830.000 840.000 846.967 846.967
0.000 0.081 0.069 0.032 0.000 0.000
