22 23 41 24
0.472 0.278 0.111 0.139
C15_LAVES
300.000 305.200 315.200 325.200 335.200 338.271
0.023 0.020 0.014 0.008 0.002 0.000
BCC_B2#2
300.000 305.200 315.200 325.200 335.200 338.271 345.200 355.200 365.200 375.200 385.200 395.200 405.200 415.200 425.200 435.200 445.200 455.200 465.200 475.200 485.200 495.200 505.200 515.200 525.200 535.200 535.643 535.643 545.200 555.200 565.200 575.200 585.200 595.200 605.200 608.793 nan 715.600 716.000 718.000 720.000 722.000 724.000 726.000 728.000 730.000 732.000 734.000 736.000 738.000 740.000 750.000 760.000 770.000 780.000 790.000 794.199 800.000 801.028 801.028 808.501 810.000 820.000 830.000 840.000 850.000 850.000 854.805 854.805 860.000 870.000 880.000 890.000 900.000 910.000 920.000 930.000 940.000 950.000 960.000 970.000 980.000 990.000 1000.000 1010.000 1020.000 1030.000 1040.000 1050.000 1060.000 1070.000 1080.000 1090.000 1100.000 1110.000 1120.000 1130.000 1140.000 1150.000 1160.000 1170.000 1180.000 1190.000 1200.000 1210.000 1220.000 1230.000 1240.000 1250.000 1260.000 1270.000 1280.000 1290.000 1300.000 1310.000 1320.000 1330.000 1340.000 1350.000 1360.000 1370.000 1380.000 1390.000 1400.000
0.380 0.382 0.385 0.388 0.391 0.392 0.392 0.392 0.392 0.391 0.391 0.391 0.391 0.391 0.391 0.391 0.391 0.391 0.391 0.391 0.391 0.391 0.392 0.392 0.392 0.393 0.393 0.393 0.273 0.195 0.141 0.099 0.065 0.035 0.009 0.000 nan 0.000 0.000 0.256 0.263 0.271 0.279 0.287 0.296 0.305 0.315 0.324 0.334 0.344 0.355 0.411 0.475 0.551 0.641 0.750 0.802 0.820 0.823 0.823 0.864 0.867 0.889 0.914 0.944 0.980 0.980 1.000 1.000 1.000 1.000 1.000 1.000 1.000 1.000 1.000 1.000 1.000 1.000 1.000 1.000 1.000 1.000 1.000 1.000 1.000 1.000 1.000 1.000 1.000 1.000 1.000 1.000 1.000 1.000 1.000 1.000 1.000 1.000 1.000 1.000 1.000 1.000 1.000 1.000 1.000 1.000 1.000 1.000 1.000 1.000 1.000 1.000 1.000 1.000 1.000 1.000 1.000 1.000 1.000 1.000 1.000 1.000 1.000
BCC_B2
300.000 305.200 315.200 325.200 335.200 338.271 345.200 355.200 365.200 375.200 385.200 395.200 405.200 415.200 425.200 435.200 445.200 455.200 465.200 475.200 485.200 495.200 505.200 515.200 525.200 535.200 535.643 535.643 545.200 555.200 565.200 575.200 585.200 595.200 605.200 608.793 609.200 611.200 613.200 615.200 617.200 619.200 621.200 621.200 623.200 625.200 627.200 629.200 631.200 633.200 635.200 637.200 639.200 641.200 643.200 645.200 647.200 649.200 651.200 653.200 655.200 657.200 659.200 661.200 663.200 665.200 667.200 669.200 671.200 673.200 675.200 677.200 679.200 681.200 683.200 685.200 687.200 689.200 691.200 693.200 695.200 697.200 699.200 701.200 703.200 705.200 707.200 709.200 711.200 713.200 715.200 715.600 nan 801.028 808.501 810.000 820.000 830.000 840.000 850.000 850.000 854.805
0.181 0.182 0.185 0.188 0.191 0.192 0.192 0.193 0.193 0.193 0.193 0.194 0.194 0.194 0.195 0.195 0.195 0.196 0.196 0.196 0.197 0.197 0.198 0.198 0.198 0.199 0.199 0.199 0.198 0.197 0.196 0.196 0.195 0.195 0.194 0.194 0.194 0.194 0.194 0.194 0.194 0.194 0.194 0.194 0.194 0.194 0.195 0.195 0.195 0.195 0.195 0.195 0.195 0.195 0.196 0.196 0.196 0.196 0.196 0.197 0.197 0.197 0.198 0.198 0.198 0.199 0.199 0.200 0.200 0.201 0.201 0.202 0.203 0.204 0.205 0.206 0.207 0.208 0.210 0.211 0.213 0.215 0.217 0.219 0.222 0.225 0.229 0.233 0.237 0.242 0.248 0.249 nan 0.000 0.136 0.133 0.111 0.086 0.056 0.020 0.020 0.000
HCP_A3
300.000 305.200 315.200 325.200 335.200 338.271 345.200 355.200 365.200 375.200 385.200 395.200 405.200 415.200 425.200 435.200 445.200 455.200 465.200 475.200 485.200 495.200 505.200 515.200 525.200 535.200 535.643 535.643 545.200 555.200 565.200 575.200 585.200 595.200 605.200 608.793 609.200 611.200 613.200 615.200 617.200 619.200 621.200 621.200 623.200 625.200 627.200 629.200 631.200 633.200 635.200 637.200 639.200 641.200 643.200 645.200 647.200 649.200 651.200 653.200 655.200 657.200 659.200 661.200 663.200 665.200 667.200 669.200 671.200 673.200 675.200 677.200 679.200 681.200 683.200 685.200 687.200 689.200 691.200 693.200 695.200 697.200 699.200 701.200 703.200 705.200 707.200 709.200 711.200 713.200 715.200 715.600 nan 715.600 716.000 718.000 720.000 722.000 724.000 726.000 728.000 730.000 732.000 734.000 736.000 738.000 740.000 750.000 760.000 770.000 780.000 790.000 794.199
0.416 0.416 0.416 0.416 0.416 0.416 0.416 0.416 0.416 0.415 0.415 0.415 0.415 0.415 0.414 0.414 0.414 0.413 0.413 0.413 0.412 0.411 0.411 0.410 0.409 0.408 0.408 0.408 0.389 0.377 0.368 0.362 0.356 0.352 0.347 0.346 0.346 0.346 0.346 0.345 0.345 0.345 0.345 0.345 0.344 0.344 0.344 0.344 0.343 0.343 0.343 0.342 0.342 0.342 0.341 0.341 0.341 0.340 0.340 0.339 0.339 0.338 0.338 0.337 0.337 0.336 0.336 0.335 0.334 0.334 0.333 0.332 0.332 0.331 0.330 0.329 0.328 0.327 0.326 0.325 0.324 0.323 0.321 0.320 0.318 0.316 0.314 0.312 0.310 0.307 0.304 0.304 nan 0.404 0.443 0.300 0.296 0.292 0.288 0.284 0.280 0.275 0.270 0.265 0.260 0.254 0.249 0.219 0.183 0.142 0.092 0.030 0.000
BCC_B2#3
535.643 545.200 555.200 565.200 575.200 585.200 595.200 605.200 608.793 609.200 611.200 613.200 615.200 617.200 619.200 621.200 621.200 623.200 625.200 627.200 629.200 631.200 633.200 635.200 637.200 639.200 641.200 643.200 645.200 647.200 649.200 651.200 653.200 655.200 657.200 659.200 661.200 663.200 665.200 667.200 669.200 671.200 673.200 675.200 677.200 679.200 681.200 683.200 685.200 687.200 689.200 691.200 693.200 695.200 697.200 699.200 701.200 703.200 705.200 707.200 709.200 711.200 713.200 715.200 715.600 nan 715.600 716.000 718.000 720.000 722.000 724.000 726.000 728.000 730.000 732.000 734.000 736.000 738.000 740.000 750.000 760.000 770.000 780.000 790.000 794.199 800.000 801.028 801.028 808.501
0.000 0.140 0.231 0.295 0.344 0.384 0.418 0.449 0.460 0.460 0.460 0.460 0.460 0.461 0.461 0.461 0.461 0.461 0.461 0.462 0.462 0.462 0.462 0.462 0.463 0.463 0.463 0.463 0.463 0.463 0.464 0.464 0.464 0.464 0.464 0.465 0.465 0.465 0.465 0.465 0.465 0.465 0.465 0.465 0.465 0.465 0.465 0.465 0.465 0.465 0.465 0.464 0.464 0.463 0.463 0.462 0.461 0.460 0.459 0.457 0.455 0.453 0.451 0.448 0.448 nan 0.596 0.557 0.444 0.440 0.437 0.433 0.429 0.424 0.420 0.416 0.411 0.406 0.401 0.396 0.371 0.341 0.307 0.268 0.220 0.198 0.180 0.177 0.177 0.000
