22 23 41 24
0.472 0.208 0.208 0.111
C15_LAVES
300.000 310.000 320.000 330.000 340.000 350.000 360.000 370.000 380.000 384.335 nan 723.077 724.000 726.000 728.000 730.000 732.000 734.000 736.000 738.000 740.000 742.000 744.000 746.000 748.000 750.000 760.000 769.753 770.000 780.000 783.322 790.000 800.000 810.000 820.000 830.000 840.000 850.000 860.000 870.000 880.000 890.000 900.000 905.339
0.031 0.027 0.023 0.019 0.015 0.012 0.008 0.005 0.001 0.000 nan 0.000 0.002 0.006 0.011 0.015 0.020 0.025 0.029 0.033 0.037 0.041 0.044 0.047 0.050 0.053 0.063 0.070 0.070 0.070 0.069 0.066 0.061 0.056 0.050 0.045 0.039 0.034 0.028 0.022 0.016 0.010 0.003 0.000
BCC_B2#2
300.000 310.000 320.000 330.000 340.000 350.000 360.000 370.000 380.000 384.335 390.000 400.000 410.000 420.000 430.000 440.000 450.000 460.000 470.000 480.000 490.000 500.000 510.000 520.000 530.000 540.000 550.000 560.000 570.000 580.000 589.021 589.021 590.000 600.000 610.000 620.000 630.000 640.000 650.000 660.000 670.000 680.000 690.000 700.000 710.000 714.198 720.000 723.077 723.077 723.077 724.000 726.000 728.000 730.000 732.000 734.000 736.000 738.000 740.000 742.000 744.000 746.000 748.000 750.000 760.000 769.753 770.000 780.000 783.322
0.262 0.264 0.266 0.268 0.269 0.271 0.272 0.274 0.275 0.276 0.275 0.275 0.274 0.274 0.273 0.273 0.272 0.272 0.271 0.271 0.270 0.269 0.269 0.268 0.268 0.267 0.266 0.266 0.265 0.264 0.264 0.264 0.261 0.239 0.220 0.205 0.192 0.181 0.172 0.165 0.160 0.159 0.163 0.176 0.206 0.229 0.222 0.218 0.218 0.218 0.215 0.207 0.198 0.188 0.178 0.167 0.157 0.147 0.137 0.127 0.118 0.109 0.100 0.091 0.051 0.014 0.013 0.003 0.000
BCC_B2
300.000 310.000 320.000 330.000 340.000 350.000 360.000 370.000 380.000 384.335 390.000 400.000 410.000 420.000 430.000 440.000 450.000 460.000 470.000 480.000 490.000 500.000 510.000 520.000 530.000 540.000 550.000 560.000 570.000 580.000 589.021 589.021 590.000 600.000 610.000 620.000 630.000 640.000 650.000 660.000 670.000 680.000 690.000 700.000 710.000 714.198 720.000 723.077 723.077 723.077 724.000 726.000 728.000 730.000 732.000 734.000 736.000 738.000 740.000 742.000 744.000 746.000 748.000 750.000 760.000 769.753 770.000 780.000 783.322 790.000 800.000 810.000 820.000 830.000 840.000 850.000 860.000 870.000 880.000 890.000 900.000 905.339 905.339 910.000 920.000 930.000 940.000 950.000 960.000 970.000 980.000 990.000 1000.000 1010.000 1020.000 1030.000 1040.000 1050.000 1060.000 1070.000 1080.000 1090.000 1100.000 1110.000 1120.000 1130.000 1140.000 1150.000 1160.000 1170.000 1180.000 1190.000 1200.000 1210.000 1220.000 1230.000 1240.000 1250.000 1260.000 1270.000 1280.000 1290.000 1300.000 1310.000 1320.000 1330.000 1340.000 1350.000 1360.000 1370.000 1380.000 1390.000 1400.000
0.319 0.322 0.324 0.326 0.328 0.331 0.333 0.335 0.337 0.338 0.338 0.339 0.340 0.340 0.341 0.342 0.343 0.344 0.345 0.346 0.347 0.348 0.349 0.351 0.352 0.354 0.355 0.357 0.359 0.361 0.364 0.364 0.364 0.365 0.367 0.369 0.372 0.375 0.379 0.384 0.390 0.398 0.408 0.424 0.449 0.465 0.483 0.494 0.494 0.494 0.499 0.512 0.526 0.541 0.558 0.575 0.593 0.611 0.629 0.647 0.665 0.683 0.702 0.720 0.815 0.916 0.916 0.927 0.931 0.934 0.939 0.944 0.950 0.955 0.961 0.966 0.972 0.978 0.984 0.990 0.997 1.000 1.000 1.000 1.000 1.000 1.000 1.000 1.000 1.000 1.000 1.000 1.000 1.000 1.000 1.000 1.000 1.000 1.000 1.000 1.000 1.000 1.000 1.000 1.000 1.000 1.000 1.000 1.000 1.000 1.000 1.000 1.000 1.000 1.000 1.000 1.000 1.000 1.000 1.000 1.000 1.000 1.000 1.000 1.000 1.000 1.000 1.000 1.000 1.000 1.000 1.000 1.000
HCP_A3
300.000 310.000 320.000 330.000 340.000 350.000 360.000 370.000 380.000 384.335 390.000 400.000 410.000 420.000 430.000 440.000 450.000 460.000 470.000 480.000 490.000 500.000 510.000 520.000 530.000 540.000 550.000 560.000 570.000 580.000 589.021 589.021 590.000 600.000 610.000 620.000 630.000 640.000 650.000 660.000 670.000 680.000 690.000 700.000 710.000 714.198 720.000 723.077 723.077 723.077 724.000 726.000 728.000 730.000 732.000 734.000 736.000 738.000 740.000 742.000 744.000 746.000 748.000 750.000 760.000 769.753
0.387 0.387 0.387 0.387 0.387 0.387 0.387 0.387 0.387 0.386 0.386 0.386 0.386 0.386 0.385 0.385 0.385 0.384 0.384 0.383 0.383 0.382 0.382 0.381 0.380 0.379 0.378 0.377 0.376 0.374 0.373 0.373 0.372 0.368 0.363 0.360 0.356 0.352 0.348 0.344 0.340 0.335 0.329 0.322 0.312 0.306 0.295 0.288 0.288 0.288 0.284 0.276 0.266 0.256 0.245 0.233 0.221 0.209 0.197 0.185 0.173 0.161 0.148 0.136 0.071 0.000
BCC_B2#3
589.021 590.000 600.000 610.000 620.000 630.000 640.000 650.000 660.000 670.000 680.000 690.000 700.000 710.000 714.198
0.000 0.003 0.028 0.049 0.066 0.080 0.092 0.101 0.107 0.110 0.109 0.100 0.079 0.033 0.000
