22 23 41 24
0.472 0.181 0.236 0.111
C15_LAVES
300.000 308.000 318.000 328.000 338.000 348.000 358.000 368.000 378.000 388.000 398.000 408.000 418.000 428.000 438.000 448.000 458.000 468.000 478.000 488.000 498.000 508.000 514.793 nan 650.834 652.000 654.000 656.000 658.000 660.000 662.000 664.000 666.000 668.000 670.000 672.000 674.000 676.000 678.000 680.000 682.000 684.000 686.000 688.000 690.000 692.000 694.000 696.000 698.000 700.000 702.000 704.000 706.000 708.000 710.000 712.000 714.000 716.000 718.000 720.000 722.000 724.000 726.000 728.000 730.000 732.000 734.000 736.000 738.000 740.000 742.000 744.000 746.000 748.000 750.000 753.105 760.000 770.000 770.125 770.125 780.000 790.000 800.000 810.000 820.000 830.000 840.000 850.000 860.000 870.000 880.000 890.000 900.000 910.000 920.000 930.000 940.000 950.000 953.933
0.049 0.047 0.043 0.040 0.037 0.034 0.031 0.028 0.026 0.023 0.021 0.018 0.016 0.014 0.012 0.010 0.008 0.006 0.005 0.003 0.002 0.001 0.000 nan 0.000 0.000 0.001 0.001 0.001 0.002 0.002 0.002 0.003 0.003 0.004 0.004 0.005 0.005 0.006 0.007 0.007 0.008 0.009 0.010 0.010 0.011 0.012 0.013 0.015 0.016 0.017 0.019 0.020 0.022 0.024 0.026 0.028 0.031 0.034 0.037 0.041 0.045 0.049 0.054 0.060 0.065 0.070 0.075 0.080 0.084 0.088 0.092 0.095 0.098 0.101 0.106 0.101 0.093 0.093 0.093 0.089 0.085 0.081 0.076 0.072 0.067 0.062 0.057 0.052 0.047 0.042 0.037 0.031 0.026 0.020 0.014 0.008 0.002 0.000
BCC_B2#2
300.000 308.000 318.000 328.000 338.000 348.000 358.000 368.000 378.000 388.000 398.000 408.000 418.000 428.000 438.000 448.000 458.000 468.000 478.000 488.000 498.000 508.000 514.793 518.000 528.000 538.000 548.000 558.000 568.000 578.000 588.000 598.000 608.000 618.000 628.000 638.000 648.000 650.834 650.834 652.000 654.000 656.000 658.000 660.000 662.000 664.000 666.000 668.000 670.000 672.000 674.000 676.000 678.000 680.000 682.000 684.000 686.000 688.000 690.000 692.000 694.000 696.000 698.000 700.000 702.000 704.000 706.000 708.000 710.000 712.000 714.000 716.000 718.000 720.000 722.000 724.000 726.000 728.000 730.000 732.000 734.000 736.000 738.000 740.000 742.000 744.000 746.000 748.000 750.000 753.105
0.223 0.224 0.225 0.227 0.228 0.229 0.230 0.231 0.232 0.233 0.234 0.235 0.235 0.236 0.237 0.237 0.237 0.238 0.238 0.238 0.238 0.238 0.238 0.238 0.238 0.237 0.236 0.235 0.235 0.234 0.233 0.232 0.231 0.230 0.229 0.228 0.227 0.226 0.226 0.226 0.225 0.225 0.224 0.224 0.223 0.222 0.222 0.221 0.220 0.219 0.219 0.218 0.217 0.216 0.215 0.214 0.212 0.211 0.210 0.208 0.207 0.205 0.203 0.201 0.199 0.196 0.194 0.191 0.188 0.184 0.180 0.175 0.170 0.164 0.157 0.149 0.140 0.130 0.120 0.108 0.097 0.086 0.075 0.064 0.053 0.043 0.033 0.024 0.014 0.000
BCC_B2
300.000 308.000 318.000 328.000 338.000 348.000 358.000 368.000 378.000 388.000 398.000 408.000 418.000 428.000 438.000 448.000 458.000 468.000 478.000 488.000 498.000 508.000 514.793 518.000 528.000 538.000 548.000 558.000 568.000 578.000 588.000 598.000 608.000 618.000 628.000 638.000 648.000 650.834 650.834 652.000 654.000 656.000 658.000 660.000 662.000 664.000 666.000 668.000 670.000 672.000 674.000 676.000 678.000 680.000 682.000 684.000 686.000 688.000 690.000 692.000 694.000 696.000 698.000 700.000 702.000 704.000 706.000 708.000 710.000 712.000 714.000 716.000 718.000 720.000 722.000 724.000 726.000 728.000 730.000 732.000 734.000 736.000 738.000 740.000 742.000 744.000 746.000 748.000 750.000 753.105 760.000 770.000 770.125 770.125 780.000 790.000 800.000 810.000 820.000 830.000 840.000 850.000 860.000 870.000 880.000 890.000 900.000 910.000 920.000 930.000 940.000 950.000 953.933 953.933 960.000 970.000 980.000 990.000 1000.000 1010.000 1020.000 1030.000 1040.000 1050.000 1060.000 1070.000 1080.000 1090.000 1100.000 1110.000 1120.000 1130.000 1140.000 1150.000 1160.000 1170.000 1180.000 1190.000 1200.000 1210.000 1220.000 1230.000 1240.000 1250.000 1260.000 1270.000 1280.000 1290.000 1300.000 1310.000 1320.000 1330.000 1340.000 1350.000 1360.000 1370.000 1380.000 1390.000 1400.000
0.348 0.350 0.352 0.354 0.356 0.358 0.360 0.362 0.363 0.365 0.367 0.369 0.371 0.372 0.374 0.376 0.378 0.379 0.381 0.383 0.385 0.386 0.387 0.388 0.389 0.391 0.392 0.394 0.396 0.398 0.400 0.403 0.405 0.408 0.412 0.415 0.420 0.421 0.421 0.421 0.422 0.423 0.424 0.425 0.426 0.428 0.429 0.430 0.431 0.432 0.434 0.435 0.437 0.438 0.440 0.442 0.443 0.445 0.447 0.450 0.452 0.454 0.457 0.460 0.463 0.467 0.470 0.475 0.479 0.484 0.490 0.497 0.504 0.513 0.523 0.535 0.548 0.563 0.580 0.597 0.616 0.635 0.654 0.673 0.693 0.712 0.732 0.751 0.771 0.802 0.840 0.906 0.907 0.907 0.911 0.915 0.919 0.924 0.928 0.933 0.938 0.943 0.948 0.953 0.958 0.963 0.969 0.974 0.980 0.986 0.992 0.998 1.000 1.000 1.000 1.000 1.000 1.000 1.000 1.000 1.000 1.000 1.000 1.000 1.000 1.000 1.000 1.000 1.000 1.000 1.000 1.000 1.000 1.000 1.000 1.000 1.000 1.000 1.000 1.000 1.000 1.000 1.000 1.000 1.000 1.000 1.000 1.000 1.000 1.000 1.000 1.000 1.000 1.000 1.000 1.000 1.000 1.000 1.000
HCP_A3
300.000 308.000 318.000 328.000 338.000 348.000 358.000 368.000 378.000 388.000 398.000 408.000 418.000 428.000 438.000 448.000 458.000 468.000 478.000 488.000 498.000 508.000 514.793 518.000 528.000 538.000 548.000 558.000 568.000 578.000 588.000 598.000 608.000 618.000 628.000 638.000 648.000 650.834 650.834 652.000 654.000 656.000 658.000 660.000 662.000 664.000 666.000 668.000 670.000 672.000 674.000 676.000 678.000 680.000 682.000 684.000 686.000 688.000 690.000 692.000 694.000 696.000 698.000 700.000 702.000 704.000 706.000 708.000 710.000 712.000 714.000 716.000 718.000 720.000 722.000 724.000 726.000 728.000 730.000 732.000 734.000 736.000 738.000 740.000 742.000 744.000 746.000 748.000 750.000 753.105 760.000 770.000 770.125 770.125
0.379 0.379 0.379 0.379 0.379 0.379 0.379 0.379 0.379 0.379 0.378 0.378 0.378 0.378 0.378 0.377 0.377 0.377 0.376 0.376 0.375 0.375 0.374 0.374 0.373 0.372 0.371 0.370 0.369 0.368 0.367 0.365 0.363 0.361 0.359 0.357 0.354 0.353 0.353 0.352 0.352 0.351 0.350 0.349 0.348 0.348 0.347 0.346 0.345 0.344 0.343 0.342 0.341 0.339 0.338 0.337 0.335 0.334 0.332 0.331 0.329 0.327 0.325 0.323 0.321 0.318 0.316 0.313 0.309 0.306 0.302 0.297 0.292 0.286 0.279 0.271 0.262 0.252 0.241 0.229 0.217 0.204 0.192 0.179 0.166 0.153 0.140 0.127 0.113 0.092 0.059 0.001 0.000 0.000
