22 23 41 24
0.472 0.250 0.153 0.125
BCC_B2#3
300.000 307.200 317.200 327.200 337.200 340.602 341.200 343.200 345.200 347.200 349.200 351.200 353.200 355.200 357.200 359.200 361.200 363.200 365.200 367.200 369.200 371.200 373.200 375.200 377.200 379.200 381.200 383.200 393.200 403.200 413.200 423.200 433.200 443.200 453.200 463.200 465.200 467.200 477.200 487.200 497.200 507.200 517.200 527.200 537.200 541.914 541.914 547.200 557.200 567.200 577.200 587.200 597.200 607.200 617.200 627.200 637.200 639.955 nan 728.466 729.200 731.200 733.200 735.200 737.200 739.200 741.200 743.200 745.200 747.200 749.200 751.200 753.297 755.200 757.200 757.200
0.330 0.332 0.335 0.337 0.339 0.340 0.340 0.340 0.340 0.340 0.340 0.340 0.340 0.340 0.340 0.340 0.340 0.340 0.340 0.339 0.339 0.339 0.339 0.339 0.339 0.339 0.339 0.381 0.339 0.338 0.338 0.338 0.338 0.337 0.337 0.337 0.337 0.437 0.336 0.336 0.336 0.336 0.336 0.336 0.335 0.335 0.335 0.286 0.219 0.172 0.136 0.106 0.082 0.060 0.040 0.022 0.005 0.000 nan 0.000 0.006 0.023 0.041 0.058 0.075 0.092 0.108 0.125 0.141 0.157 0.173 0.190 0.208 0.203 0.198 0.198
C15_LAVES
300.000 307.200 317.200 327.200 337.200 340.602
0.021 0.017 0.012 0.007 0.002 0.000
BCC_B2#2
300.000 307.200 317.200 327.200 337.200 340.602 341.200 343.200 345.200 347.200 349.200 351.200 353.200 355.200 357.200 359.200 361.200 363.200 365.200 367.200 369.200 371.200 373.200 375.200 377.200 379.200 381.200 383.200 393.200 403.200 413.200 423.200 433.200 443.200 453.200 463.200 465.200 467.200 477.200 487.200 497.200 507.200 517.200 527.200 537.200 541.914 541.914 547.200 557.200 567.200 577.200 587.200 597.200 607.200 617.200 627.200 637.200 639.955 641.200 643.200 645.200 647.200 649.200 651.200 651.200 653.200 655.200 657.200 659.200 661.200 663.200 665.200 667.200 669.200 671.200 673.200 675.200 677.200 679.200 681.200 683.200 685.200 687.200 689.200 691.200 693.200 695.200 697.200 699.200 701.200 703.200 705.200 707.200 709.200 711.200 713.200 715.200 717.200 719.200 721.200 723.200 725.200 728.466 728.466 729.200 731.200 733.200 735.200 737.200 739.200 741.200 743.200 745.200 747.200 749.200 751.200 753.297 755.200 757.200 757.200 nan 757.200 767.200 767.600 768.000 770.000 772.000 774.000 776.000 776.000 780.749 nan 780.000 780.749 780.749 780.749 790.000 800.000 810.000 820.000 830.000 840.000 850.000 858.569 858.569 860.000 870.000 880.000 890.000 900.000 910.000 920.000 930.000 940.000 950.000 960.000 970.000 980.000 990.000 1000.000 1010.000 1020.000 1030.000 1040.000 1050.000 1060.000 1070.000 1080.000 1090.000 1100.000 1110.000 1120.000 1130.000 1140.000 1150.000 1160.000 1170.000 1180.000 1190.000 1200.000 1210.000 1220.000 1230.000 1240.000 1250.000 1260.000 1270.000 1280.000 1290.000 1300.000 1310.000 1320.000 1330.000 1340.000 1350.000 1360.000 1370.000 1380.000 1390.000 1400.000 nan 780.000 780.749 780.749 780.749 780.749 780.749 780.749 780.749 780.749 780.749 780.749 780.749 780.749 780.749 780.749 780.749 780.749 780.749 780.749 780.749 780.749 780.749 780.749 780.749 780.749 780.749 780.749 780.749 780.749 780.749 780.749 780.749 780.749 780.749 780.749 780.749 780.749 780.749 780.749 780.749 780.749 780.749 780.749 780.749 780.749 780.749 780.749 780.749 780.749 780.749 780.749 780.749 780.749 780.749 780.749 780.749 780.749 780.749 780.749 780.749 780.749 780.749 780.749 780.749 780.749 780.749 780.749 780.749 780.749 780.749 780.749 780.749 780.749 780.749 nan 780.000 780.749 780.749 780.749 nan 780.000 780.749 780.749 780.749 nan 780.000 780.749 780.749 780.749 nan 780.000 780.749 780.749 780.749 nan 780.000 780.749 780.749 780.749 nan 780.000 780.749 780.749 780.749 nan 780.000 780.749 780.749 780.749 nan 780.000 780.749 780.749 780.749 nan 780.000 780.749 780.749 780.749 nan 780.000 780.749 780.749 780.749 nan 780.000 780.749 780.749 780.749 nan 780.000 780.749 780.749 780.749 nan 780.000 780.749 780.749 780.749 nan 780.000 780.749 780.749 780.749 nan 780.000 780.749 780.749 780.749 nan 780.000 780.749 780.749 780.749 nan 780.000 780.749 780.749 780.749 nan 780.000 780.749 780.749 780.749 nan 780.000 780.749 780.749 780.749 nan 780.000 780.749 780.749 780.749 nan 780.000 780.749 780.749 780.749 nan 780.000 780.749 780.749 780.749 nan 780.000 780.749 780.749 780.749 nan 780.000 780.749 780.749 780.749 nan 780.000 780.749 780.749 780.749 nan 780.000 780.749 780.749 780.749 nan 780.000 780.749 780.749 780.749 nan 780.000 780.749 780.749 780.749 nan 780.000 780.749 780.749 780.749 nan 780.000 780.749 780.749 780.749 nan 780.000 780.749 780.749 780.749 nan 780.000 780.749 780.749 780.749 nan 780.000 780.749 780.749 780.749
0.246 0.248 0.251 0.253 0.256 0.257 0.257 0.257 0.257 0.257 0.257 0.257 0.257 0.257 0.258 0.258 0.258 0.258 0.258 0.258 0.258 0.258 0.258 0.258 0.258 0.259 0.259 0.155 0.259 0.260 0.260 0.261 0.261 0.262 0.263 0.263 0.263 0.000 0.264 0.265 0.266 0.267 0.268 0.269 0.270 0.270 0.270 0.270 0.270 0.270 0.270 0.270 0.270 0.271 0.272 0.272 0.274 0.274 0.274 0.275 0.275 0.276 0.276 0.277 0.277 0.277 0.278 0.279 0.279 0.280 0.281 0.281 0.282 0.283 0.284 0.285 0.286 0.287 0.288 0.290 0.291 0.293 0.294 0.296 0.298 0.300 0.302 0.304 0.307 0.310 0.313 0.316 0.320 0.324 0.329 0.334 0.340 0.347 0.354 0.362 0.371 0.381 0.399 0.399 0.405 0.421 0.438 0.455 0.473 0.491 0.509 0.527 0.546 0.565 0.585 0.605 0.626 0.640 0.654 0.654 nan 0.816 0.963 0.738 0.950 0.759 0.777 0.796 0.815 0.815 0.864 nan 0.852 0.864 0.864 0.864 0.875 0.888 0.902 0.918 0.935 0.955 0.978 1.000 1.000 1.000 1.000 1.000 1.000 1.000 1.000 1.000 1.000 1.000 1.000 1.000 1.000 1.000 1.000 1.000 1.000 1.000 1.000 1.000 1.000 1.000 1.000 1.000 1.000 1.000 1.000 1.000 1.000 1.000 1.000 1.000 1.000 1.000 1.000 1.000 1.000 1.000 1.000 1.000 1.000 1.000 1.000 1.000 1.000 1.000 1.000 1.000 1.000 1.000 1.000 1.000 1.000 1.000 1.000 1.000 nan 0.852 0.864 0.864 0.864 0.864 0.864 0.864 0.864 0.864 0.864 0.864 0.864 0.864 0.864 0.864 0.864 0.864 0.864 0.864 0.864 0.864 0.864 0.864 0.864 0.864 0.864 0.864 0.864 0.864 0.864 0.864 0.864 0.864 0.864 0.864 0.864 0.864 0.864 0.864 0.864 0.864 0.864 0.864 0.864 0.864 0.864 0.864 0.864 0.864 0.864 0.864 0.864 0.864 0.864 0.864 0.864 0.864 0.864 0.864 0.864 0.864 0.864 0.864 0.864 0.864 0.864 0.864 0.864 0.864 0.864 0.864 0.864 0.864 0.864 nan 0.852 0.864 0.864 0.864 nan 0.852 0.864 0.864 0.864 nan 0.852 0.864 0.864 0.864 nan 0.852 0.864 0.864 0.864 nan 0.852 0.864 0.864 0.864 nan 0.852 0.864 0.864 0.864 nan 0.852 0.864 0.864 0.864 nan 0.852 0.864 0.864 0.864 nan 0.852 0.864 0.864 0.864 nan 0.852 0.864 0.864 0.864 nan 0.852 0.864 0.864 0.864 nan 0.852 0.864 0.864 0.864 nan 0.852 0.864 0.864 0.864 nan 0.852 0.864 0.864 0.864 nan 0.852 0.864 0.864 0.864 nan 0.852 0.864 0.864 0.864 nan 0.852 0.864 0.864 0.864 nan 0.852 0.864 0.864 0.864 nan 0.852 0.864 0.864 0.864 nan 0.852 0.864 0.864 0.864 nan 0.852 0.864 0.864 0.864 nan 0.852 0.864 0.864 0.864 nan 0.852 0.864 0.864 0.864 nan 0.852 0.864 0.864 0.864 nan 0.852 0.864 0.864 0.864 nan 0.852 0.864 0.864 0.864 nan 0.852 0.864 0.864 0.864 nan 0.852 0.864 0.864 0.864 nan 0.852 0.864 0.864 0.864 nan 0.852 0.864 0.864 0.864 nan 0.852 0.864 0.864 0.864 nan 0.852 0.864 0.864 0.864 nan 0.852 0.864 0.864 0.864
HCP_A3
300.000 307.200 317.200 327.200 337.200 340.602 341.200 343.200 345.200 347.200 349.200 351.200 353.200 355.200 357.200 359.200 361.200 363.200 365.200 367.200 369.200 371.200 373.200 375.200 377.200 379.200 381.200 383.200 393.200 403.200 413.200 423.200 433.200 443.200 453.200 463.200 465.200 467.200 477.200 487.200 497.200 507.200 517.200 527.200 537.200 541.914 541.914 547.200 557.200 567.200 577.200 587.200 597.200 607.200 617.200 627.200 637.200 639.955 641.200 643.200 645.200 647.200 649.200 651.200 651.200 653.200 655.200 657.200 659.200 661.200 663.200 665.200 667.200 669.200 671.200 673.200 675.200 677.200 679.200 681.200 683.200 685.200 687.200 689.200 691.200 693.200 695.200 697.200 699.200 701.200 703.200 705.200 707.200 709.200 711.200 713.200 715.200 717.200 719.200 721.200 723.200 725.200 728.466 728.466 729.200 731.200 733.200 735.200 737.200 739.200 741.200 743.200 745.200 747.200 749.200 751.200 753.297 755.200 757.200 757.200 nan 757.200 767.200 767.600 768.000 770.000 772.000 774.000 776.000 776.000 780.749 nan 780.000 780.749 780.749 780.749 nan 780.000 780.749 780.749 780.749 nan 780.000 780.749 780.749 780.749 nan 780.000 780.749 780.749 780.749 nan 780.000 780.749 780.749 780.749 nan 780.000 780.749 780.749 780.749 nan 780.000 780.749 780.749 780.749 nan 780.000 780.749 780.749 780.749 nan 780.000 780.749 780.749 780.749 nan 780.000 780.749 780.749 780.749 nan 780.000 780.749 780.749 780.749 nan 780.000 780.749 780.749 780.749 nan 780.000 780.749 780.749 780.749 nan 780.000 780.749 780.749 780.749 nan 780.000 780.749 780.749 780.749 nan 780.000 780.749 780.749 780.749 nan 780.000 780.749 780.749 780.749 nan 780.000 780.749 780.749 780.749 nan 780.000 780.749 780.749 780.749 nan 780.000 780.749 780.749 780.749 nan 780.000 780.749 780.749 780.749 nan 780.000 780.749 780.749 780.749 nan 780.000 780.749 780.749 780.749 nan 780.000 780.749 780.749 780.749 nan 780.000 780.749 780.749 780.749 nan 780.000 780.749 780.749 780.749 nan 780.000 780.749 780.749 780.749 nan 780.000 780.749 780.749 780.749 nan 780.000 780.749 780.749 780.749 nan 780.000 780.749 780.749 780.749 nan 780.000 780.749 780.749 780.749 nan 780.000 780.749 780.749 780.749 nan 780.000 780.749 780.749 780.749 nan 780.000 780.749 780.749 780.749 nan 780.000 780.749 780.749 780.749
0.403 0.403 0.403 0.403 0.403 0.403 0.403 0.403 0.403 0.403 0.403 0.403 0.403 0.403 0.403 0.403 0.403 0.403 0.403 0.403 0.402 0.402 0.402 0.402 0.402 0.402 0.402 0.463 0.402 0.402 0.402 0.401 0.401 0.401 0.400 0.400 0.400 0.563 0.399 0.399 0.398 0.397 0.397 0.396 0.395 0.395 0.395 0.387 0.376 0.368 0.362 0.357 0.352 0.349 0.345 0.341 0.338 0.337 0.337 0.336 0.336 0.336 0.335 0.335 0.335 0.334 0.334 0.333 0.333 0.332 0.332 0.331 0.330 0.330 0.329 0.328 0.328 0.327 0.326 0.325 0.324 0.323 0.322 0.321 0.320 0.319 0.318 0.316 0.315 0.313 0.311 0.309 0.307 0.305 0.303 0.300 0.297 0.294 0.290 0.286 0.282 0.277 0.268 0.268 0.265 0.259 0.252 0.245 0.237 0.229 0.221 0.213 0.204 0.195 0.186 0.177 0.167 0.157 0.147 0.147 nan 0.184 0.000 0.089 0.000 0.074 0.062 0.048 0.035 0.035 0.000 nan 0.000 0.000 0.000 0.000 nan 0.000 0.000 0.000 0.000 nan 0.000 0.000 0.000 0.000 nan 0.000 0.000 0.000 0.000 nan 0.000 0.000 0.000 0.000 nan 0.000 0.000 0.000 0.000 nan 0.000 0.000 0.000 0.000 nan 0.000 0.000 0.000 0.000 nan 0.000 0.000 0.000 0.000 nan 0.000 0.000 0.000 0.000 nan 0.000 0.000 0.000 0.000 nan 0.000 0.000 0.000 0.000 nan 0.000 0.000 0.000 0.000 nan 0.000 0.000 0.000 0.000 nan 0.000 0.000 0.000 0.000 nan 0.000 0.000 0.000 0.000 nan 0.000 0.000 0.000 0.000 nan 0.000 0.000 0.000 0.000 nan 0.000 0.000 0.000 0.000 nan 0.000 0.000 0.000 0.000 nan 0.000 0.000 0.000 0.000 nan 0.000 0.000 0.000 0.000 nan 0.000 0.000 0.000 0.000 nan 0.000 0.000 0.000 0.000 nan 0.000 0.000 0.000 0.000 nan 0.000 0.000 0.000 0.000 nan 0.000 0.000 0.000 0.000 nan 0.000 0.000 0.000 0.000 nan 0.000 0.000 0.000 0.000 nan 0.000 0.000 0.000 0.000 nan 0.000 0.000 0.000 0.000 nan 0.000 0.000 0.000 0.000 nan 0.000 0.000 0.000 0.000 nan 0.000 0.000 0.000 0.000 nan 0.000 0.000 0.000 0.000
BCC_B2
541.914 547.200 557.200 567.200 577.200 587.200 597.200 607.200 617.200 627.200 637.200 639.955 641.200 643.200 645.200 647.200 649.200 651.200 651.200 653.200 655.200 657.200 659.200 661.200 663.200 665.200 667.200 669.200 671.200 673.200 675.200 677.200 679.200 681.200 683.200 685.200 687.200 689.200 691.200 693.200 695.200 697.200 699.200 701.200 703.200 705.200 707.200 709.200 711.200 713.200 715.200 717.200 719.200 721.200 723.200 725.200 728.466 728.466 729.200 731.200 733.200 735.200 737.200 739.200 741.200 743.200 745.200 747.200 749.200 751.200 753.297 nan 757.200 767.200 767.600 768.000 770.000 772.000 774.000 776.000 776.000 780.749 nan 780.000 780.749 780.749 780.749 790.000 800.000 810.000 820.000 830.000 840.000 850.000 858.569 nan 780.000 780.749 780.749 780.749 780.749 780.749 780.749 780.749 780.749 780.749 780.749 780.749 780.749 780.749 780.749 780.749 780.749 780.749 780.749 780.749 780.749 780.749 780.749 780.749 780.749 780.749 780.749 780.749 780.749 780.749 780.749 780.749 780.749 780.749 780.749 780.749 780.749 780.749 780.749 780.749 780.749 780.749 780.749 780.749 780.749 780.749 780.749 780.749 780.749 780.749 780.749 780.749 780.749 780.749 780.749 780.749 780.749 780.749 780.749 780.749 780.749 780.749 780.749 780.749 780.749 780.749 780.749 780.749 780.749 780.749 780.749 780.749 780.749 780.749 nan 780.000 780.749 780.749 780.749 nan 780.000 780.749 780.749 780.749 nan 780.000 780.749 780.749 780.749 nan 780.000 780.749 780.749 780.749 nan 780.000 780.749 780.749 780.749 nan 780.000 780.749 780.749 780.749 nan 780.000 780.749 780.749 780.749 nan 780.000 780.749 780.749 780.749 nan 780.000 780.749 780.749 780.749 nan 780.000 780.749 780.749 780.749 nan 780.000 780.749 780.749 780.749 nan 780.000 780.749 780.749 780.749 nan 780.000 780.749 780.749 780.749 nan 780.000 780.749 780.749 780.749 nan 780.000 780.749 780.749 780.749 nan 780.000 780.749 780.749 780.749 nan 780.000 780.749 780.749 780.749 nan 780.000 780.749 780.749 780.749 nan 780.000 780.749 780.749 780.749 nan 780.000 780.749 780.749 780.749 nan 780.000 780.749 780.749 780.749 nan 780.000 780.749 780.749 780.749 nan 780.000 780.749 780.749 780.749 nan 780.000 780.749 780.749 780.749 nan 780.000 780.749 780.749 780.749 nan 780.000 780.749 780.749 780.749 nan 780.000 780.749 780.749 780.749 nan 780.000 780.749 780.749 780.749 nan 780.000 780.749 780.749 780.749 nan 780.000 780.749 780.749 780.749 nan 780.000 780.749 780.749 780.749 nan 780.000 780.749 780.749 780.749 nan 780.000 780.749 780.749 780.749
0.000 0.058 0.136 0.191 0.233 0.267 0.295 0.320 0.343 0.364 0.384 0.389 0.389 0.389 0.389 0.389 0.389 0.389 0.389 0.388 0.388 0.388 0.388 0.388 0.388 0.388 0.387 0.387 0.387 0.387 0.386 0.386 0.386 0.385 0.385 0.384 0.384 0.383 0.382 0.381 0.381 0.380 0.378 0.377 0.376 0.374 0.372 0.370 0.368 0.366 0.363 0.359 0.356 0.352 0.347 0.342 0.333 0.333 0.323 0.297 0.269 0.242 0.215 0.188 0.161 0.135 0.109 0.082 0.056 0.029 0.000 nan 0.000 0.037 0.173 0.050 0.166 0.161 0.156 0.150 0.150 0.136 nan 0.148 0.136 0.136 0.136 0.125 0.112 0.098 0.082 0.065 0.045 0.022 0.000 nan 0.148 0.136 0.136 0.136 0.136 0.136 0.136 0.136 0.136 0.136 0.136 0.136 0.136 0.136 0.136 0.136 0.136 0.136 0.136 0.136 0.136 0.136 0.136 0.136 0.136 0.136 0.136 0.136 0.136 0.136 0.136 0.136 0.136 0.136 0.136 0.136 0.136 0.136 0.136 0.136 0.136 0.136 0.136 0.136 0.136 0.136 0.136 0.136 0.136 0.136 0.136 0.136 0.136 0.136 0.136 0.136 0.136 0.136 0.136 0.136 0.136 0.136 0.136 0.136 0.136 0.136 0.136 0.136 0.136 0.136 0.136 0.136 0.136 0.136 nan 0.148 0.136 0.136 0.136 nan 0.148 0.136 0.136 0.136 nan 0.148 0.136 0.136 0.136 nan 0.148 0.136 0.136 0.136 nan 0.148 0.136 0.136 0.136 nan 0.148 0.136 0.136 0.136 nan 0.148 0.136 0.136 0.136 nan 0.148 0.136 0.136 0.136 nan 0.148 0.136 0.136 0.136 nan 0.148 0.136 0.136 0.136 nan 0.148 0.136 0.136 0.136 nan 0.148 0.136 0.136 0.136 nan 0.148 0.136 0.136 0.136 nan 0.148 0.136 0.136 0.136 nan 0.148 0.136 0.136 0.136 nan 0.148 0.136 0.136 0.136 nan 0.148 0.136 0.136 0.136 nan 0.148 0.136 0.136 0.136 nan 0.148 0.136 0.136 0.136 nan 0.148 0.136 0.136 0.136 nan 0.148 0.136 0.136 0.136 nan 0.148 0.136 0.136 0.136 nan 0.148 0.136 0.136 0.136 nan 0.148 0.136 0.136 0.136 nan 0.148 0.136 0.136 0.136 nan 0.148 0.136 0.136 0.136 nan 0.148 0.136 0.136 0.136 nan 0.148 0.136 0.136 0.136 nan 0.148 0.136 0.136 0.136 nan 0.148 0.136 0.136 0.136 nan 0.148 0.136 0.136 0.136 nan 0.148 0.136 0.136 0.136 nan 0.148 0.136 0.136 0.136
