22 23 41 24
0.472 0.292 0.125 0.111
BCC_B2#3
300.000 310.000 320.000 330.000 340.000 350.000 360.000 370.000 380.000 390.000 400.000 410.000 420.000 430.000 440.000 450.000 460.000 470.000 480.000 490.000 500.000 510.000 512.116 512.116 512.717
0.375 0.374 0.374 0.374 0.374 0.374 0.374 0.373 0.373 0.373 0.373 0.373 0.373 0.373 0.373 0.373 0.373 0.373 0.373 0.373 0.374 0.374 0.374 0.374 0.000
BCC_B2
300.000 310.000 320.000 330.000 340.000 350.000 360.000 370.000 380.000 390.000 400.000 410.000 420.000 430.000 440.000 450.000 460.000 470.000 480.000 490.000 500.000 510.000 512.116 512.116 512.717 514.000 516.000 518.000 520.000 522.000 524.000 526.000 528.000 530.000 530.000 532.000 534.000 536.000 538.000 540.000 542.000 544.000 546.000 548.000 550.000 552.000 554.000 556.000 558.000 560.000 562.000 564.000 566.000 568.000 570.000 572.000 574.000 576.000 578.000 580.000 582.000 584.000 586.000 588.000 590.000 592.000 594.000 596.000 598.000 600.000 602.000 604.000 606.000 608.000 610.000 612.000 614.000 616.000 618.000 620.000 622.000 624.000 626.000 628.000 630.000 632.000 634.000 636.000 638.000 640.000 642.000 644.000 646.000 648.000 650.000 652.000 654.000 656.000 658.000 660.000 662.000 664.000 666.000 668.000 670.000 672.000 674.000 676.000 678.000 680.000 682.000 684.000 686.000 688.000 690.000 692.000 694.000 696.000 698.000 700.000 702.000 704.000 706.000 708.000 710.000 720.000 730.000 740.000 750.000 760.000 770.000 780.000 784.163 790.000 800.000 810.000 810.312 820.000 830.000 840.000 850.000 850.000 860.000 870.000 880.000 890.000 900.000 910.000 920.000 930.000 940.000 950.000 960.000 970.000 980.000 990.000 1000.000 1010.000 1020.000 1030.000 1040.000 1050.000 1060.000 1070.000 1080.000 1090.000 1100.000 1110.000 1120.000 1130.000 1140.000 1150.000 1160.000 1170.000 1180.000 1190.000 1200.000 1210.000 1220.000 1230.000 1240.000 1250.000 1260.000 1270.000 1280.000 1290.000 1300.000 1310.000 1320.000 1330.000 1340.000 1350.000 1360.000 1370.000 1380.000 1390.000 1400.000
0.214 0.214 0.214 0.214 0.215 0.215 0.215 0.216 0.216 0.216 0.217 0.217 0.218 0.218 0.218 0.219 0.219 0.220 0.220 0.221 0.222 0.222 0.222 0.222 0.220 0.220 0.220 0.220 0.220 0.220 0.220 0.220 0.221 0.221 0.221 0.221 0.221 0.221 0.221 0.221 0.221 0.221 0.221 0.221 0.221 0.221 0.221 0.221 0.221 0.222 0.222 0.222 0.222 0.222 0.222 0.222 0.222 0.222 0.222 0.223 0.223 0.223 0.223 0.223 0.223 0.223 0.224 0.224 0.224 0.224 0.224 0.225 0.225 0.225 0.225 0.226 0.226 0.226 0.227 0.227 0.227 0.228 0.228 0.228 0.229 0.229 0.230 0.230 0.231 0.232 0.232 0.233 0.234 0.235 0.235 0.236 0.237 0.239 0.240 0.241 0.242 0.244 0.245 0.247 0.249 0.251 0.253 0.256 0.258 0.261 0.264 0.267 0.271 0.275 0.279 0.284 0.289 0.294 0.299 0.305 0.311 0.318 0.325 0.332 0.339 0.381 0.430 0.486 0.552 0.630 0.723 0.833 0.885 0.908 0.950 0.998 1.000 1.000 1.000 1.000 1.000 1.000 1.000 1.000 1.000 1.000 1.000 1.000 1.000 1.000 1.000 1.000 1.000 1.000 1.000 1.000 1.000 1.000 1.000 1.000 1.000 1.000 1.000 1.000 1.000 1.000 1.000 1.000 1.000 1.000 1.000 1.000 1.000 1.000 1.000 1.000 1.000 1.000 1.000 1.000 1.000 1.000 1.000 1.000 1.000 1.000 1.000 1.000 1.000 1.000 1.000 1.000 1.000 1.000 1.000 1.000 1.000
HCP_A3
300.000 310.000 320.000 330.000 340.000 350.000 360.000 370.000 380.000 390.000 400.000 410.000 420.000 430.000 440.000 450.000 460.000 470.000 480.000 490.000 500.000 510.000 512.116 512.116 512.717 514.000 516.000 518.000 520.000 522.000 524.000 526.000 528.000 530.000 530.000 532.000 534.000 536.000 538.000 540.000 542.000 544.000 546.000 548.000 550.000 552.000 554.000 556.000 558.000 560.000 562.000 564.000 566.000 568.000 570.000 572.000 574.000 576.000 578.000 580.000 582.000 584.000 586.000 588.000 590.000 592.000 594.000 596.000 598.000 600.000 602.000 604.000 606.000 608.000 610.000 612.000 614.000 616.000 618.000 620.000 622.000 624.000 626.000 628.000 630.000 632.000 634.000 636.000 638.000 640.000 642.000 644.000 646.000 648.000 650.000 652.000 654.000 656.000 658.000 660.000 662.000 664.000 666.000 668.000 670.000 672.000 674.000 676.000 678.000 680.000 682.000 684.000 686.000 688.000 690.000 692.000 694.000 696.000 698.000 700.000 702.000 704.000 706.000 708.000 710.000 720.000 730.000 740.000 750.000 760.000 770.000 780.000 784.163
0.412 0.412 0.412 0.411 0.411 0.411 0.411 0.411 0.411 0.410 0.410 0.410 0.410 0.409 0.409 0.408 0.408 0.407 0.406 0.406 0.405 0.404 0.404 0.404 0.349 0.349 0.349 0.349 0.348 0.348 0.348 0.348 0.347 0.347 0.347 0.347 0.347 0.347 0.346 0.346 0.346 0.346 0.345 0.345 0.345 0.345 0.345 0.344 0.344 0.344 0.344 0.343 0.343 0.343 0.343 0.342 0.342 0.342 0.341 0.341 0.341 0.341 0.340 0.340 0.340 0.339 0.339 0.339 0.338 0.338 0.338 0.337 0.337 0.337 0.336 0.336 0.335 0.335 0.335 0.334 0.334 0.333 0.333 0.332 0.332 0.331 0.331 0.330 0.330 0.329 0.328 0.328 0.327 0.326 0.326 0.325 0.324 0.323 0.322 0.322 0.321 0.320 0.319 0.318 0.317 0.315 0.314 0.313 0.311 0.310 0.308 0.307 0.305 0.303 0.301 0.299 0.296 0.294 0.291 0.289 0.286 0.283 0.279 0.276 0.273 0.253 0.230 0.202 0.170 0.131 0.085 0.028 0.000
BCC_B2#2
512.116 512.717 514.000 516.000 518.000 520.000 522.000 524.000 526.000 528.000 530.000 530.000 532.000 534.000 536.000 538.000 540.000 542.000 544.000 546.000 548.000 550.000 552.000 554.000 556.000 558.000 560.000 562.000 564.000 566.000 568.000 570.000 572.000 574.000 576.000 578.000 580.000 582.000 584.000 586.000 588.000 590.000 592.000 594.000 596.000 598.000 600.000 602.000 604.000 606.000 608.000 610.000 612.000 614.000 616.000 618.000 620.000 622.000 624.000 626.000 628.000 630.000 632.000 634.000 636.000 638.000 640.000 642.000 644.000 646.000 648.000 650.000 652.000 654.000 656.000 658.000 660.000 662.000 664.000 666.000 668.000 670.000 672.000 674.000 676.000 678.000 680.000 682.000 684.000 686.000 688.000 690.000 692.000 694.000 696.000 698.000 700.000 702.000 704.000 706.000 708.000 710.000 720.000 730.000 740.000 750.000 760.000 770.000 780.000 784.163 790.000 800.000 810.000 810.312
0.000 0.431 0.431 0.431 0.431 0.431 0.432 0.432 0.432 0.432 0.432 0.432 0.432 0.433 0.433 0.433 0.433 0.433 0.433 0.433 0.434 0.434 0.434 0.434 0.434 0.434 0.435 0.435 0.435 0.435 0.435 0.435 0.436 0.436 0.436 0.436 0.436 0.436 0.437 0.437 0.437 0.437 0.437 0.437 0.437 0.438 0.438 0.438 0.438 0.438 0.438 0.438 0.439 0.439 0.439 0.439 0.439 0.439 0.439 0.439 0.439 0.439 0.439 0.439 0.439 0.439 0.439 0.439 0.439 0.439 0.439 0.439 0.439 0.438 0.438 0.438 0.437 0.437 0.437 0.436 0.435 0.435 0.434 0.433 0.432 0.430 0.429 0.428 0.426 0.424 0.422 0.420 0.418 0.415 0.412 0.409 0.406 0.403 0.399 0.396 0.392 0.388 0.366 0.340 0.311 0.277 0.238 0.192 0.139 0.115 0.092 0.050 0.002 0.000
