22 23 41 24
0.472 0.236 0.181 0.111
C15_LAVES
300.000 310.000 315.999 nan 751.217 760.000 770.000 773.627 780.000 790.000 800.000 810.000 820.000 830.000 840.000 845.070 850.000 851.195
0.008 0.003 0.000 nan 0.000 0.007 0.013 0.014 0.013 0.012 0.011 0.009 0.008 0.006 0.005 0.004 0.001 0.000
BCC_B2#2
300.000 310.000 315.999 320.000 330.000 340.000 350.000 360.000 370.000 380.000 390.000 400.000 410.000 420.000 430.000 440.000 450.000 460.000 470.000 480.000 490.000 500.000 510.000 520.000 530.000 534.152 534.152 540.000 550.000 560.000 570.000 580.000 590.000 600.000 610.000 613.536 nan 723.914 724.000 726.000 728.000 730.000 732.000 734.000 736.000 738.000 740.000 740.431 750.000 751.217 751.217 751.217 760.000 770.000 773.627 780.000 790.000 800.000 810.000 820.000 830.000 840.000 845.070
0.305 0.307 0.308 0.308 0.308 0.307 0.307 0.307 0.306 0.306 0.305 0.305 0.305 0.304 0.304 0.303 0.303 0.302 0.302 0.301 0.301 0.301 0.300 0.300 0.299 0.299 0.299 0.234 0.164 0.118 0.085 0.060 0.039 0.021 0.005 0.000 nan 0.000 0.001 0.021 0.043 0.066 0.090 0.114 0.138 0.162 0.185 0.190 0.169 0.166 0.166 0.166 0.134 0.099 0.087 0.081 0.072 0.061 0.050 0.037 0.023 0.008 0.000
BCC_B2
300.000 310.000 315.999 320.000 330.000 340.000 350.000 360.000 370.000 380.000 390.000 400.000 410.000 420.000 430.000 440.000 450.000 460.000 470.000 480.000 490.000 500.000 510.000 520.000 530.000 534.152 534.152 540.000 550.000 560.000 570.000 580.000 590.000 600.000 610.000 613.536 614.000 616.000 618.000 620.000 622.000 624.000 626.000 626.000 628.000 630.000 632.000 634.000 636.000 638.000 640.000 642.000 644.000 646.000 648.000 650.000 652.000 654.000 656.000 658.000 660.000 662.000 664.000 666.000 668.000 670.000 672.000 674.000 676.000 678.000 680.000 682.000 684.000 686.000 688.000 690.000 692.000 694.000 696.000 698.000 700.000 702.000 704.000 706.000 708.000 710.000 712.000 714.000 716.000 718.000 720.000 723.914 723.914 724.000 726.000 728.000 730.000 732.000 734.000 736.000 738.000 740.000 740.431 750.000 751.217 751.217 751.217 760.000 770.000 773.627 780.000 790.000 800.000 810.000 820.000 830.000 840.000 845.070 850.000 851.195 851.195 860.000 870.000 880.000 890.000 900.000 910.000 920.000 930.000 940.000 950.000 960.000 970.000 980.000 990.000 1000.000 1010.000 1020.000 1030.000 1040.000 1050.000 1060.000 1070.000 1080.000 1090.000 1100.000 1110.000 1120.000 1130.000 1140.000 1150.000 1160.000 1170.000 1180.000 1190.000 1200.000 1210.000 1220.000 1230.000 1240.000 1250.000 1260.000 1270.000 1280.000 1290.000 1300.000 1310.000 1320.000 1330.000 1340.000 1350.000 1360.000 1370.000 1380.000 1390.000 1400.000
0.293 0.295 0.297 0.297 0.298 0.298 0.298 0.299 0.300 0.300 0.301 0.301 0.302 0.303 0.303 0.304 0.305 0.306 0.307 0.308 0.309 0.310 0.311 0.313 0.314 0.315 0.315 0.314 0.314 0.314 0.315 0.315 0.316 0.317 0.318 0.318 0.319 0.319 0.319 0.320 0.320 0.321 0.321 0.321 0.322 0.322 0.323 0.323 0.324 0.324 0.325 0.326 0.326 0.327 0.328 0.328 0.329 0.330 0.331 0.332 0.333 0.334 0.335 0.336 0.337 0.338 0.339 0.341 0.342 0.344 0.345 0.347 0.349 0.351 0.353 0.355 0.357 0.360 0.363 0.365 0.369 0.372 0.376 0.380 0.385 0.390 0.395 0.402 0.408 0.416 0.424 0.443 0.443 0.444 0.460 0.477 0.496 0.516 0.537 0.558 0.580 0.602 0.607 0.675 0.684 0.684 0.684 0.763 0.861 0.899 0.905 0.916 0.928 0.941 0.955 0.970 0.987 0.996 0.999 1.000 1.000 1.000 1.000 1.000 1.000 1.000 1.000 1.000 1.000 1.000 1.000 1.000 1.000 1.000 1.000 1.000 1.000 1.000 1.000 1.000 1.000 1.000 1.000 1.000 1.000 1.000 1.000 1.000 1.000 1.000 1.000 1.000 1.000 1.000 1.000 1.000 1.000 1.000 1.000 1.000 1.000 1.000 1.000 1.000 1.000 1.000 1.000 1.000 1.000 1.000 1.000 1.000 1.000 1.000 1.000 1.000
HCP_A3
300.000 310.000 315.999 320.000 330.000 340.000 350.000 360.000 370.000 380.000 390.000 400.000 410.000 420.000 430.000 440.000 450.000 460.000 470.000 480.000 490.000 500.000 510.000 520.000 530.000 534.152 534.152 540.000 550.000 560.000 570.000 580.000 590.000 600.000 610.000 613.536 614.000 616.000 618.000 620.000 622.000 624.000 626.000 626.000 628.000 630.000 632.000 634.000 636.000 638.000 640.000 642.000 644.000 646.000 648.000 650.000 652.000 654.000 656.000 658.000 660.000 662.000 664.000 666.000 668.000 670.000 672.000 674.000 676.000 678.000 680.000 682.000 684.000 686.000 688.000 690.000 692.000 694.000 696.000 698.000 700.000 702.000 704.000 706.000 708.000 710.000 712.000 714.000 716.000 718.000 720.000 723.914 723.914 724.000 726.000 728.000 730.000 732.000 734.000 736.000 738.000 740.000 740.431 750.000 751.217 751.217 751.217 760.000 770.000 773.627
0.395 0.395 0.395 0.395 0.395 0.395 0.394 0.394 0.394 0.394 0.394 0.394 0.393 0.393 0.393 0.393 0.392 0.392 0.391 0.391 0.390 0.389 0.389 0.388 0.387 0.386 0.386 0.376 0.365 0.357 0.351 0.347 0.343 0.340 0.337 0.336 0.336 0.335 0.335 0.335 0.334 0.334 0.334 0.334 0.333 0.333 0.333 0.332 0.332 0.332 0.331 0.331 0.330 0.330 0.329 0.329 0.328 0.328 0.327 0.327 0.326 0.325 0.325 0.324 0.323 0.323 0.322 0.321 0.320 0.319 0.318 0.317 0.316 0.315 0.314 0.313 0.311 0.310 0.308 0.307 0.305 0.303 0.301 0.299 0.297 0.294 0.291 0.288 0.285 0.281 0.277 0.268 0.268 0.267 0.262 0.255 0.248 0.240 0.232 0.223 0.214 0.205 0.203 0.156 0.150 0.150 0.150 0.096 0.027 0.000
BCC_B2#3
534.152 540.000 550.000 560.000 570.000 580.000 590.000 600.000 610.000 613.536 614.000 616.000 618.000 620.000 622.000 624.000 626.000 626.000 628.000 630.000 632.000 634.000 636.000 638.000 640.000 642.000 644.000 646.000 648.000 650.000 652.000 654.000 656.000 658.000 660.000 662.000 664.000 666.000 668.000 670.000 672.000 674.000 676.000 678.000 680.000 682.000 684.000 686.000 688.000 690.000 692.000 694.000 696.000 698.000 700.000 702.000 704.000 706.000 708.000 710.000 712.000 714.000 716.000 718.000 720.000 723.914 723.914 724.000 726.000 728.000 730.000 732.000 734.000 736.000 738.000 740.000 740.431
0.000 0.075 0.158 0.211 0.249 0.278 0.302 0.322 0.340 0.346 0.346 0.346 0.346 0.346 0.345 0.345 0.345 0.345 0.345 0.345 0.345 0.344 0.344 0.344 0.344 0.344 0.344 0.343 0.343 0.343 0.343 0.342 0.342 0.342 0.341 0.341 0.341 0.340 0.340 0.339 0.339 0.338 0.338 0.337 0.337 0.336 0.335 0.334 0.333 0.332 0.331 0.330 0.329 0.328 0.326 0.324 0.323 0.321 0.318 0.316 0.313 0.310 0.307 0.303 0.299 0.289 0.289 0.288 0.258 0.225 0.190 0.154 0.117 0.081 0.044 0.008 0.000
