22 23 41 24
0.500 0.292 0.056 0.153
BCC_B2#2
700.000 700.813 702.813 704.813 706.813 708.813 710.813 712.813 714.813 716.813 718.813 720.813 722.813 724.813 726.813 728.813 730.813 732.813 734.813 736.813 746.813 756.813 766.813 776.813 786.813 796.813 806.813 816.813 826.813 828.526 830.110 831.758 833.407 835.055 836.703 838.352 840.000 841.648 843.297 844.945 846.593 848.242 849.890 851.538 853.187 854.835 856.483 858.132 858.242 858.242
0.551 0.551 0.551 0.551 0.552 0.551 0.551 0.551 0.551 0.550 0.550 0.549 0.548 0.548 0.547 0.546 0.545 0.544 0.544 0.543 0.537 0.529 0.516 0.496 0.467 0.427 0.373 0.302 0.215 0.199 0.191 0.182 0.174 0.164 0.155 0.145 0.135 0.125 0.114 0.103 0.092 0.080 0.068 0.055 0.042 0.029 0.015 0.001 0.000 0.000
BCC_B2
700.000 700.813 702.813 704.813 706.813 708.813 710.813 712.813 714.813 716.813 718.813 720.813 722.813 724.813 726.813 728.813 730.813 732.813 734.813 736.813 746.813 756.813 766.813 776.813 786.813 796.813 806.813 816.813 826.813 828.526 830.110 831.758 833.407 835.055 836.703 838.352 840.000 841.648 843.297 844.945 846.593 848.242 849.890 851.538 853.187 854.835 856.483 858.132 858.242 858.242 860.000 870.000 880.000 890.000 900.000 910.000 920.000 930.000 940.000 950.000 960.000 970.000 980.000 990.000 1000.000 1010.000 1020.000 1030.000 1040.000 1050.000 1060.000 1070.000 1080.000 1090.000 1100.000 1110.000 1120.000 1130.000 1140.000 1150.000 1160.000 1170.000 1180.000 1190.000 1200.000
0.080 0.080 0.081 0.081 0.082 0.084 0.085 0.087 0.089 0.091 0.093 0.096 0.098 0.101 0.103 0.106 0.109 0.112 0.115 0.118 0.135 0.156 0.186 0.226 0.281 0.356 0.457 0.592 0.767 0.801 0.809 0.818 0.826 0.836 0.845 0.855 0.865 0.875 0.886 0.897 0.908 0.920 0.932 0.945 0.958 0.971 0.985 0.999 1.000 1.000 1.000 1.000 1.000 1.000 1.000 1.000 1.000 1.000 1.000 1.000 1.000 1.000 1.000 1.000 1.000 1.000 1.000 1.000 1.000 1.000 1.000 1.000 1.000 1.000 1.000 1.000 1.000 1.000 1.000 1.000 1.000 1.000 1.000 1.000 1.000
HCP_A3
700.000 700.813 702.813 704.813 706.813 708.813 710.813 712.813 714.813 716.813 718.813 720.813 722.813 724.813 726.813 728.813 730.813 732.813 734.813 736.813 746.813 756.813 766.813 776.813 786.813 796.813 806.813 816.813 826.813 828.526
0.370 0.369 0.368 0.367 0.366 0.365 0.363 0.362 0.360 0.359 0.357 0.355 0.354 0.352 0.350 0.348 0.346 0.344 0.342 0.340 0.328 0.315 0.299 0.279 0.252 0.217 0.170 0.106 0.018 0.000
