22 23 41 24
0.486 0.347 0.028 0.139
BCC_B2#2
700.000 708.000 718.000 728.000 738.000 748.000 758.000 768.000 778.000 788.000 796.102 796.102 798.000 808.000 818.000 828.000 831.878
0.655 0.658 0.661 0.666 0.671 0.676 0.683 0.690 0.699 0.711 0.723 0.723 0.702 0.564 0.371 0.115 0.000
HCP_A3
700.000 708.000 718.000 728.000 738.000 748.000 758.000 768.000 778.000 788.000 796.102 796.102 798.000 808.000 818.000 828.000 831.878 832.000 834.000 836.000 838.000 838.917 838.917
0.345 0.342 0.339 0.334 0.329 0.324 0.317 0.310 0.301 0.289 0.277 0.277 0.272 0.234 0.182 0.109 0.073 0.072 0.053 0.033 0.011 0.000 0.000
BCC_B2
796.102 798.000 808.000 818.000 828.000 831.878 832.000 834.000 836.000 838.000 838.917 838.917 840.000 850.000 860.000 870.000 880.000 890.000 900.000 910.000 920.000 930.000 940.000 950.000 960.000 970.000 980.000 990.000 1000.000 1010.000 1020.000 1030.000 1040.000 1050.000 1060.000 1070.000 1080.000 1090.000 1100.000 1110.000 1120.000 1130.000 1140.000 1150.000 1160.000 1170.000 1180.000 1190.000 1200.000
0.000 0.026 0.201 0.448 0.777 0.927 0.928 0.947 0.967 0.989 1.000 1.000 1.000 1.000 1.000 1.000 1.000 1.000 1.000 1.000 1.000 1.000 1.000 1.000 1.000 1.000 1.000 1.000 1.000 1.000 1.000 1.000 1.000 1.000 1.000 1.000 1.000 1.000 1.000 1.000 1.000 1.000 1.000 1.000 1.000 1.000 1.000 1.000 1.000
