22 23 73 13
0.319 0.542 0.028 0.111
ALTI3_D019
300.000 307.878 317.878 327.878 337.878 347.878 349.798 357.878 367.878 377.878 387.878 397.878 407.878 417.878 427.878 437.878 447.878 457.878 458.868 458.956 nan 458.000 458.000 458.956 460.000 462.000 464.000 466.000 468.000 470.000 472.000 474.000 476.000 478.000 480.000 490.000 500.000 510.000 520.000 530.000 540.000 550.000 560.000 570.000 580.000 590.000 600.000 610.000 620.000 630.000 640.000 650.000 660.000 670.000 680.000 690.000 700.000 710.000 720.000 730.000 740.000 750.000 760.000 770.000 780.000 790.000 800.000 810.000 820.000 830.000 840.000 850.000 860.000 870.000 880.000 890.000 900.000 910.000 920.000 930.000 940.000 950.000 960.000 970.000 980.000 990.000 1000.000 1010.000 1020.000 1030.000 1040.000 1050.000 1060.000 1070.000 1070.914
0.447 0.448 0.449 0.451 0.452 0.454 0.455 0.454 0.454 0.453 0.452 0.452 0.451 0.450 0.448 0.446 0.444 0.439 0.438 0.438 nan 0.439 0.439 0.438 0.438 0.436 0.434 0.430 0.425 0.413 0.402 0.395 0.390 0.386 0.382 0.369 0.359 0.350 0.343 0.336 0.329 0.323 0.318 0.312 0.307 0.302 0.297 0.292 0.287 0.283 0.278 0.274 0.269 0.265 0.260 0.256 0.252 0.247 0.243 0.238 0.234 0.229 0.225 0.220 0.215 0.211 0.206 0.201 0.195 0.190 0.185 0.179 0.173 0.167 0.161 0.155 0.148 0.141 0.134 0.127 0.120 0.112 0.104 0.096 0.088 0.079 0.070 0.061 0.052 0.042 0.032 0.022 0.012 0.001 0.000
BCC_B2#2
300.000 307.878 317.878 327.878 337.878 347.878 349.798 357.878 367.878 377.878 387.878 397.878 407.878 417.878 427.878 437.878 447.878 457.878 458.868 458.956
0.543 0.544 0.544 0.544 0.545 0.545 0.545 0.546 0.546 0.547 0.548 0.548 0.549 0.550 0.552 0.554 0.556 0.561 0.562 0.000
HCP_A3
300.000 307.878 317.878 327.878 337.878 347.878 349.798
0.010 0.009 0.007 0.005 0.003 0.000 0.000
BCC_B2
458.000 458.000 458.956 460.000 462.000 464.000 466.000 468.000 470.000 472.000 474.000 476.000 478.000 480.000 490.000 500.000 510.000 520.000 530.000 540.000 550.000 560.000 570.000 580.000 590.000 600.000 610.000 620.000 630.000 640.000 650.000 660.000 670.000 680.000 690.000 700.000 710.000 720.000 730.000 740.000 750.000 760.000 770.000 780.000 790.000 800.000 810.000 820.000 830.000 840.000 850.000 860.000 870.000 880.000 890.000 900.000 910.000 920.000 930.000 940.000 950.000 960.000 970.000 980.000 990.000 1000.000 1010.000 1020.000 1030.000 1040.000 1050.000 1060.000 1070.000 1070.914 1070.914 1080.000 1090.000 1100.000 1110.000 1120.000 1130.000 1140.000 1150.000 1160.000 1170.000 1180.000 1190.000 1200.000 1210.000 1220.000 1230.000 1240.000 1250.000 1260.000 1270.000 1280.000 1290.000 1300.000 1310.000 1320.000 1330.000 1340.000 1350.000 1360.000 1370.000 1380.000 1390.000 1400.000 nan 458.868 458.956
0.561 0.561 0.562 0.562 0.564 0.566 0.570 0.575 0.587 0.598 0.605 0.610 0.614 0.618 0.631 0.641 0.650 0.657 0.664 0.671 0.677 0.682 0.688 0.693 0.698 0.703 0.708 0.713 0.717 0.722 0.726 0.731 0.735 0.740 0.744 0.748 0.753 0.757 0.762 0.766 0.771 0.775 0.780 0.785 0.789 0.794 0.799 0.805 0.810 0.815 0.821 0.827 0.833 0.839 0.845 0.852 0.859 0.866 0.873 0.880 0.888 0.896 0.904 0.912 0.921 0.930 0.939 0.948 0.958 0.968 0.978 0.988 0.999 1.000 1.000 1.000 1.000 1.000 1.000 1.000 1.000 1.000 1.000 1.000 1.000 1.000 1.000 1.000 1.000 1.000 1.000 1.000 1.000 1.000 1.000 1.000 1.000 1.000 1.000 1.000 1.000 1.000 1.000 1.000 1.000 1.000 1.000 1.000 nan 0.000 0.562
