22 23 73 24
0.361 0.417 0.111 0.111
C15_LAVES
700.000 704.000 714.000 724.000 731.989 731.989 734.000 744.000 747.309 748.000 750.000 752.000 754.000 756.000 758.000 760.000 764.189 770.000 780.000 790.000 800.000 810.000 820.000 830.000 840.000 850.000 860.000 870.000 880.000 890.000 900.000 910.000 920.000 930.000 940.000 950.000 960.000 970.000 980.000 990.000 1000.000 1010.000 1020.000 1030.000 1040.000 1047.588
0.492 0.492 0.489 0.484 0.478 0.478 0.475 0.453 0.444 0.442 0.435 0.427 0.419 0.411 0.401 0.392 0.371 0.366 0.359 0.350 0.342 0.333 0.324 0.314 0.304 0.294 0.283 0.272 0.261 0.249 0.237 0.224 0.211 0.198 0.183 0.169 0.154 0.138 0.122 0.106 0.089 0.071 0.053 0.034 0.015 0.000
BCC_B2#2
700.000 704.000 714.000 724.000 731.989 731.989 734.000 744.000 747.309
0.315 0.318 0.328 0.341 0.358 0.358 0.284 0.047 0.000
HCP_A3
700.000 704.000 714.000 724.000 731.989 731.989 734.000 744.000 747.309 748.000 750.000 752.000 754.000 756.000 758.000 760.000 764.189
0.193 0.191 0.184 0.175 0.164 0.164 0.157 0.120 0.104 0.101 0.091 0.080 0.069 0.056 0.043 0.030 0.000
BCC_B2
731.989 734.000 744.000 747.309 748.000 750.000 752.000 754.000 756.000 758.000 760.000 764.189 770.000 780.000 790.000 800.000 810.000 820.000 830.000 840.000 850.000 860.000 870.000 880.000 890.000 900.000 910.000 920.000 930.000 940.000 950.000 960.000 970.000 980.000 990.000 1000.000 1010.000 1020.000 1030.000 1040.000 1047.588 1047.588 1050.000 1060.000 1070.000 1080.000 1090.000 1100.000 1110.000 1120.000 1130.000 1140.000 1150.000 1160.000 1170.000 1180.000 1190.000 1200.000
0.000 0.084 0.380 0.452 0.457 0.474 0.492 0.512 0.533 0.555 0.579 0.629 0.634 0.641 0.650 0.658 0.667 0.676 0.686 0.696 0.706 0.717 0.728 0.739 0.751 0.763 0.776 0.789 0.802 0.817 0.831 0.846 0.862 0.878 0.894 0.911 0.929 0.947 0.966 0.985 1.000 1.000 1.000 1.000 1.000 1.000 1.000 1.000 1.000 1.000 1.000 1.000 1.000 1.000 1.000 1.000 1.000 1.000
