22 23 73 24
0.375 0.403 0.111 0.111
C15_LAVES
700.000 706.000 716.000 726.000 733.843 733.843 736.000 746.000 749.609 750.000 752.000 754.000 756.000 758.000 760.000 768.029 770.000 780.000 790.000 800.000 810.000 820.000 830.000 840.000 850.000 860.000 870.000 880.000 890.000 900.000 910.000 920.000 930.000 940.000 950.000 960.000 970.000 980.000 990.000 1000.000 1010.000 1020.000 1030.000 1040.000 1047.478
0.494 0.493 0.490 0.486 0.481 0.481 0.477 0.455 0.444 0.443 0.436 0.429 0.420 0.412 0.402 0.363 0.362 0.353 0.345 0.336 0.327 0.318 0.309 0.299 0.288 0.278 0.266 0.255 0.243 0.231 0.218 0.205 0.192 0.178 0.164 0.149 0.134 0.118 0.102 0.085 0.068 0.051 0.033 0.014 0.000
BCC_B2#2
700.000 706.000 716.000 726.000 733.843 733.843 736.000 746.000 749.609
0.298 0.303 0.312 0.325 0.340 0.340 0.268 0.048 0.000
HCP_A3
700.000 706.000 716.000 726.000 733.843 733.843 736.000 746.000 749.609 750.000 752.000 754.000 756.000 758.000 760.000 768.029
0.207 0.204 0.198 0.189 0.179 0.179 0.172 0.134 0.116 0.115 0.104 0.093 0.082 0.069 0.056 0.000
BCC_B2
733.843 736.000 746.000 749.609 750.000 752.000 754.000 756.000 758.000 760.000 768.029 770.000 780.000 790.000 800.000 810.000 820.000 830.000 840.000 850.000 860.000 870.000 880.000 890.000 900.000 910.000 920.000 930.000 940.000 950.000 960.000 970.000 980.000 990.000 1000.000 1010.000 1020.000 1030.000 1040.000 1047.478 1047.478 1050.000 1060.000 1070.000 1080.000 1090.000 1100.000 1110.000 1120.000 1130.000 1140.000 1150.000 1160.000 1170.000 1180.000 1190.000 1200.000
0.000 0.083 0.363 0.439 0.442 0.460 0.478 0.498 0.519 0.542 0.637 0.638 0.647 0.655 0.664 0.673 0.682 0.691 0.701 0.712 0.722 0.734 0.745 0.757 0.769 0.782 0.795 0.808 0.822 0.836 0.851 0.866 0.882 0.898 0.915 0.932 0.949 0.967 0.986 1.000 1.000 1.000 1.000 1.000 1.000 1.000 1.000 1.000 1.000 1.000 1.000 1.000 1.000 1.000 1.000 1.000 1.000
