22 23 73 24
0.375 0.389 0.125 0.111
C15_LAVES
700.000 708.000 718.000 728.000 731.276 731.276 738.000 741.636 742.000 744.000 746.000 746.000 748.000 750.000 752.000 754.000 756.000 758.000 760.000 768.493 770.000 780.000 790.000 800.000 810.000 820.000 830.000 840.000 850.000 860.000 870.000 880.000 890.000 900.000 910.000 920.000 930.000 940.000 950.000 960.000 970.000 980.000 990.000 1000.000 1010.000 1020.000 1030.000 1040.000 1050.000 1060.000 1070.000 1074.251
0.547 0.546 0.543 0.539 0.537 0.537 0.525 0.517 0.517 0.512 0.506 0.506 0.500 0.493 0.485 0.476 0.467 0.458 0.448 0.404 0.403 0.395 0.386 0.378 0.369 0.359 0.350 0.340 0.330 0.319 0.308 0.297 0.285 0.273 0.261 0.248 0.235 0.222 0.208 0.194 0.179 0.164 0.148 0.132 0.116 0.099 0.082 0.064 0.046 0.027 0.008 0.000
BCC_B2#2
700.000 708.000 718.000 728.000 731.276 731.276 738.000 741.636
0.244 0.249 0.257 0.270 0.277 0.277 0.074 0.000
HCP_A3
700.000 708.000 718.000 728.000 731.276 731.276 738.000 741.636 742.000 744.000 746.000 746.000 748.000 750.000 752.000 754.000 756.000 758.000 760.000 768.493
0.210 0.206 0.200 0.191 0.187 0.187 0.166 0.152 0.151 0.144 0.136 0.136 0.127 0.117 0.107 0.095 0.083 0.071 0.058 0.000
BCC_B2
731.276 738.000 741.636 742.000 744.000 746.000 746.000 748.000 750.000 752.000 754.000 756.000 758.000 760.000 768.493 770.000 780.000 790.000 800.000 810.000 820.000 830.000 840.000 850.000 860.000 870.000 880.000 890.000 900.000 910.000 920.000 930.000 940.000 950.000 960.000 970.000 980.000 990.000 1000.000 1010.000 1020.000 1030.000 1040.000 1050.000 1060.000 1070.000 1074.251 1074.251 1080.000 1090.000 1100.000 1110.000 1120.000 1130.000 1140.000 1150.000 1160.000 1170.000 1180.000 1190.000 1200.000
0.000 0.236 0.330 0.332 0.344 0.358 0.358 0.373 0.390 0.409 0.429 0.450 0.472 0.495 0.596 0.597 0.605 0.614 0.622 0.631 0.641 0.650 0.660 0.670 0.681 0.692 0.703 0.715 0.727 0.739 0.752 0.765 0.778 0.792 0.806 0.821 0.836 0.852 0.868 0.884 0.901 0.918 0.936 0.954 0.973 0.992 1.000 1.000 1.000 1.000 1.000 1.000 1.000 1.000 1.000 1.000 1.000 1.000 1.000 1.000 1.000
