22 23 73 24
0.389 0.389 0.111 0.111
C15_LAVES
300.000 304.000 314.000 324.000 334.000 344.000 354.000 364.000 374.000 384.000 394.000 404.000 414.000 424.000 434.000 444.000 454.000 464.000 474.000 484.000 494.000 504.000 514.000 524.000 534.000 544.000 554.000 nan 554.000 564.000 574.000 584.000 594.000 604.000 614.000 624.000 634.000 644.000 654.000 656.000 658.000 668.000 678.000 688.000 698.000 708.000 718.000 728.000 735.749 735.749 738.000 748.000 751.869 752.000 754.000 756.000 756.000 758.000 760.000 762.000 764.000 766.000 768.000 770.000 771.995 780.000 790.000 800.000 810.000 820.000 830.000 840.000 850.000 860.000 870.000 880.000 890.000 900.000 910.000 920.000 930.000 940.000 950.000 960.000 970.000 980.000 990.000 1000.000 1010.000 1020.000 1030.000 1040.000 1048.107
0.490 0.490 0.490 0.490 0.490 0.490 0.490 0.490 0.490 0.490 0.491 0.491 0.491 0.491 0.492 0.492 0.492 0.493 0.493 0.493 0.494 0.494 0.495 0.495 0.496 0.496 0.497 nan 0.644 0.497 0.497 0.498 0.498 0.498 0.498 0.499 0.499 0.499 0.499 0.499 0.633 0.499 0.498 0.498 0.496 0.495 0.492 0.488 0.483 0.483 0.479 0.456 0.445 0.445 0.437 0.430 0.430 0.422 0.413 0.404 0.394 0.385 0.375 0.365 0.356 0.349 0.340 0.332 0.323 0.313 0.303 0.293 0.283 0.272 0.261 0.250 0.238 0.226 0.214 0.201 0.188 0.174 0.160 0.145 0.131 0.115 0.100 0.084 0.067 0.050 0.033 0.015 0.000
BCC_B2
300.000 304.000 314.000 324.000 334.000 344.000 354.000 364.000 374.000 384.000 394.000 404.000 414.000 424.000 434.000 444.000 454.000 464.000 474.000 484.000 494.000 504.000 514.000 524.000 534.000 544.000 554.000 nan 735.749 738.000 748.000 751.869 752.000 754.000 756.000 756.000 758.000 760.000 762.000 764.000 766.000 768.000 770.000 771.995 780.000 790.000 800.000 810.000 820.000 830.000 840.000 850.000 860.000 870.000 880.000 890.000 900.000 910.000 920.000 930.000 940.000 950.000 960.000 970.000 980.000 990.000 1000.000 1010.000 1020.000 1030.000 1040.000 1048.107 1048.107 1050.000 1060.000 1070.000 1080.000 1090.000 1100.000 1110.000 1120.000 1130.000 1140.000 1150.000 1160.000 1170.000 1180.000 1190.000 1200.000 1210.000 1220.000 1230.000 1240.000 1250.000 1260.000 1270.000 1280.000 1290.000 1300.000 1310.000 1320.000 1330.000 1340.000 1350.000 1360.000 1370.000 1380.000 1390.000 1400.000
0.221 0.221 0.221 0.221 0.221 0.222 0.222 0.222 0.222 0.222 0.222 0.222 0.223 0.223 0.223 0.223 0.224 0.224 0.224 0.225 0.225 0.226 0.226 0.227 0.228 0.228 0.229 nan 0.000 0.081 0.347 0.426 0.427 0.445 0.464 0.464 0.484 0.505 0.527 0.550 0.573 0.597 0.620 0.644 0.651 0.660 0.668 0.677 0.687 0.697 0.707 0.717 0.728 0.739 0.750 0.762 0.774 0.786 0.799 0.812 0.826 0.840 0.855 0.869 0.885 0.900 0.916 0.933 0.950 0.967 0.985 1.000 1.000 1.000 1.000 1.000 1.000 1.000 1.000 1.000 1.000 1.000 1.000 1.000 1.000 1.000 1.000 1.000 1.000 1.000 1.000 1.000 1.000 1.000 1.000 1.000 1.000 1.000 1.000 1.000 1.000 1.000 1.000 1.000 1.000 1.000 1.000 1.000 1.000
HCP_A3
300.000 304.000 314.000 324.000 334.000 344.000 354.000 364.000 374.000 384.000 394.000 404.000 414.000 424.000 434.000 444.000 454.000 464.000 474.000 484.000 494.000 504.000 514.000 524.000 534.000 544.000 554.000 nan 554.000 564.000 574.000 584.000 594.000 604.000 614.000 624.000 634.000 644.000 654.000 656.000 658.000 668.000 678.000 688.000 698.000 708.000 718.000 728.000 735.749 735.749 738.000 748.000 751.869 752.000 754.000 756.000 756.000 758.000 760.000 762.000 764.000 766.000 768.000 770.000 771.995
0.289 0.289 0.289 0.289 0.289 0.289 0.288 0.288 0.288 0.287 0.287 0.287 0.286 0.286 0.285 0.285 0.284 0.283 0.283 0.282 0.281 0.280 0.279 0.278 0.277 0.276 0.274 nan 0.356 0.261 0.258 0.255 0.253 0.250 0.248 0.245 0.243 0.240 0.238 0.237 0.367 0.234 0.230 0.227 0.223 0.218 0.212 0.204 0.194 0.194 0.187 0.148 0.129 0.128 0.118 0.107 0.107 0.095 0.082 0.069 0.056 0.042 0.028 0.014 0.000
BCC_B2#2
554.000 564.000 574.000 584.000 594.000 604.000 614.000 624.000 634.000 644.000 654.000 656.000 658.000 668.000 678.000 688.000 698.000 708.000 718.000 728.000 735.749 735.749 738.000 748.000 751.869
0.000 0.242 0.245 0.247 0.250 0.252 0.254 0.256 0.258 0.261 0.263 0.264 0.000 0.268 0.271 0.276 0.281 0.287 0.296 0.308 0.323 0.323 0.253 0.049 0.000
