22 23 73 24
0.389 0.403 0.097 0.111
C15_LAVES
300.000 302.000 312.000 322.000 332.000 342.000 352.000 362.000 372.000 382.000 392.000 402.000 412.000 422.000 432.000 442.000 452.000 462.000 472.000 482.000 492.000 502.000 512.000 522.000 532.000 542.000 552.000 557.839 557.839 560.711 562.000 572.000 582.000 592.000 602.000 612.000 622.000 632.000 642.000 652.000 662.000 672.000 682.000 692.000 702.000 712.000 722.000 732.000 738.300 738.300 742.000 752.000 762.000 764.463 766.000 768.000 770.000 772.000 772.086 772.086 780.000 790.000 800.000 810.000 820.000 830.000 840.000 850.000 860.000 870.000 880.000 890.000 900.000 910.000 920.000 930.000 940.000 950.000 960.000 970.000 980.000 990.000 1000.000 1010.000 1018.310
0.440 0.440 0.440 0.441 0.441 0.441 0.441 0.441 0.441 0.441 0.441 0.441 0.442 0.442 0.442 0.442 0.442 0.443 0.443 0.443 0.444 0.444 0.444 0.445 0.445 0.446 0.446 0.446 0.446 0.446 0.446 0.446 0.446 0.446 0.446 0.447 0.447 0.446 0.446 0.446 0.445 0.445 0.444 0.442 0.440 0.438 0.434 0.429 0.424 0.424 0.416 0.390 0.355 0.345 0.339 0.329 0.320 0.311 0.310 0.310 0.304 0.295 0.287 0.277 0.268 0.258 0.248 0.237 0.227 0.215 0.204 0.192 0.179 0.167 0.153 0.140 0.126 0.111 0.096 0.081 0.065 0.049 0.032 0.015 0.000
BCC_B2
300.000 302.000 312.000 322.000 332.000 342.000 352.000 362.000 372.000 382.000 392.000 402.000 412.000 422.000 432.000 442.000 452.000 462.000 472.000 482.000 492.000 502.000 512.000 522.000 532.000 542.000 552.000 557.839 557.839 560.711 nan 738.300 742.000 752.000 762.000 764.463 766.000 768.000 770.000 772.000 772.086 772.086 780.000 790.000 800.000 810.000 820.000 830.000 840.000 850.000 860.000 870.000 880.000 890.000 900.000 910.000 920.000 930.000 940.000 950.000 960.000 970.000 980.000 990.000 1000.000 1010.000 1018.310 1018.310 1020.000 1030.000 1040.000 1050.000 1060.000 1070.000 1080.000 1090.000 1100.000 1110.000 1120.000 1130.000 1140.000 1150.000 1160.000 1170.000 1180.000 1190.000 1200.000 1210.000 1220.000 1230.000 1240.000 1250.000 1260.000 1270.000 1280.000 1290.000 1300.000 1310.000 1320.000 1330.000 1340.000 1350.000 1360.000 1370.000 1380.000 1390.000 1400.000
0.262 0.262 0.262 0.262 0.262 0.262 0.263 0.263 0.263 0.263 0.263 0.264 0.264 0.264 0.265 0.265 0.265 0.266 0.266 0.267 0.267 0.268 0.269 0.270 0.271 0.272 0.273 0.274 0.274 0.000 nan 0.000 0.123 0.371 0.558 0.600 0.617 0.641 0.664 0.688 0.690 0.690 0.696 0.705 0.713 0.723 0.732 0.742 0.752 0.763 0.773 0.785 0.796 0.808 0.821 0.833 0.847 0.860 0.874 0.889 0.904 0.919 0.935 0.951 0.968 0.985 1.000 1.000 1.000 1.000 1.000 1.000 1.000 1.000 1.000 1.000 1.000 1.000 1.000 1.000 1.000 1.000 1.000 1.000 1.000 1.000 1.000 1.000 1.000 1.000 1.000 1.000 1.000 1.000 1.000 1.000 1.000 1.000 1.000 1.000 1.000 1.000 1.000 1.000 1.000 1.000 1.000
HCP_A3
300.000 302.000 312.000 322.000 332.000 342.000 352.000 362.000 372.000 382.000 392.000 402.000 412.000 422.000 432.000 442.000 452.000 462.000 472.000 482.000 492.000 502.000 512.000 522.000 532.000 542.000 552.000 557.839 557.839 560.711 562.000 572.000 582.000 592.000 602.000 612.000 622.000 632.000 642.000 652.000 662.000 672.000 682.000 692.000 702.000 712.000 722.000 732.000 738.300 738.300 742.000 752.000 762.000 764.463 766.000 768.000 770.000 772.000 772.086 772.086
0.298 0.298 0.297 0.297 0.297 0.297 0.297 0.296 0.296 0.296 0.295 0.295 0.295 0.294 0.293 0.293 0.292 0.291 0.291 0.290 0.289 0.288 0.287 0.286 0.284 0.283 0.281 0.280 0.280 0.267 0.266 0.262 0.259 0.256 0.253 0.250 0.247 0.245 0.242 0.239 0.236 0.232 0.228 0.224 0.219 0.213 0.206 0.195 0.186 0.186 0.173 0.129 0.071 0.055 0.044 0.030 0.015 0.001 0.000 0.000
BCC_B2#2
557.839 560.711 562.000 572.000 582.000 592.000 602.000 612.000 622.000 632.000 642.000 652.000 662.000 672.000 682.000 692.000 702.000 712.000 722.000 732.000 738.300 738.300 742.000 752.000 762.000 764.463
0.000 0.287 0.288 0.292 0.295 0.298 0.301 0.303 0.306 0.309 0.312 0.315 0.319 0.323 0.328 0.334 0.341 0.349 0.360 0.376 0.390 0.390 0.287 0.110 0.016 0.000
