22 23 73 24
0.389 0.431 0.069 0.111
C15_LAVES
300.000 306.000 316.000 326.000 336.000 346.000 356.000 366.000 376.000 386.000 396.000 406.000 416.000 426.000 436.000 446.000 456.000 466.000 476.000 486.000 496.000 506.000 516.000 526.000 536.000 546.000 555.297 555.297 556.000 559.167 560.000 570.000 570.000 580.000 590.000 600.000 610.000 620.000 630.000 640.000 650.000 660.000 670.000 680.000 690.000 700.000 710.000 720.000 730.000 740.000 743.371 743.371 744.000 746.000 748.000 750.000 760.000 770.000 773.002 780.000 790.000 790.260 800.000 810.000 820.000 830.000 840.000 850.000 850.000 860.000 870.000 880.000 890.000 900.000 910.000 920.000 930.000 940.000 947.649
0.333 0.333 0.333 0.333 0.333 0.333 0.333 0.333 0.333 0.333 0.333 0.333 0.333 0.334 0.334 0.334 0.334 0.334 0.334 0.334 0.335 0.335 0.335 0.335 0.335 0.335 0.335 0.335 0.335 0.335 0.335 0.335 0.335 0.334 0.334 0.334 0.333 0.333 0.332 0.331 0.330 0.329 0.327 0.325 0.323 0.320 0.317 0.312 0.306 0.297 0.294 0.294 0.292 0.287 0.282 0.277 0.244 0.206 0.194 0.192 0.191 0.191 0.182 0.172 0.162 0.152 0.141 0.130 0.130 0.119 0.107 0.095 0.082 0.069 0.056 0.041 0.027 0.012 0.000
BCC_B2
300.000 306.000 316.000 326.000 336.000 346.000 356.000 366.000 376.000 386.000 396.000 406.000 416.000 426.000 436.000 446.000 456.000 466.000 476.000 486.000 496.000 506.000 516.000 526.000 536.000 546.000 555.297 555.297 556.000 559.167 nan 743.371 744.000 746.000 748.000 750.000 760.000 770.000 773.002 780.000 790.000 790.260 800.000 810.000 820.000 830.000 840.000 850.000 850.000 860.000 870.000 880.000 890.000 900.000 910.000 920.000 930.000 940.000 947.649 947.649 950.000 960.000 970.000 980.000 990.000 1000.000 1010.000 1020.000 1030.000 1040.000 1050.000 1060.000 1070.000 1080.000 1090.000 1100.000 1110.000 1120.000 1130.000 1140.000 1150.000 1160.000 1170.000 1180.000 1190.000 1200.000 1210.000 1220.000 1230.000 1240.000 1250.000 1260.000 1270.000 1280.000 1290.000 1300.000 1310.000 1320.000 1330.000 1340.000 1350.000 1360.000 1370.000 1380.000 1390.000 1400.000
0.351 0.351 0.351 0.352 0.352 0.352 0.352 0.353 0.353 0.353 0.354 0.354 0.354 0.355 0.356 0.356 0.357 0.358 0.358 0.359 0.360 0.362 0.363 0.364 0.366 0.367 0.369 0.369 0.307 0.000 nan 0.000 0.021 0.084 0.142 0.196 0.418 0.603 0.657 0.709 0.806 0.809 0.818 0.828 0.838 0.848 0.859 0.870 0.870 0.881 0.893 0.905 0.918 0.931 0.944 0.959 0.973 0.988 1.000 1.000 1.000 1.000 1.000 1.000 1.000 1.000 1.000 1.000 1.000 1.000 1.000 1.000 1.000 1.000 1.000 1.000 1.000 1.000 1.000 1.000 1.000 1.000 1.000 1.000 1.000 1.000 1.000 1.000 1.000 1.000 1.000 1.000 1.000 1.000 1.000 1.000 1.000 1.000 1.000 1.000 1.000 1.000 1.000 1.000 1.000 1.000
HCP_A3
300.000 306.000 316.000 326.000 336.000 346.000 356.000 366.000 376.000 386.000 396.000 406.000 416.000 426.000 436.000 446.000 456.000 466.000 476.000 486.000 496.000 506.000 516.000 526.000 536.000 546.000 555.297 555.297 556.000 559.167 560.000 570.000 570.000 580.000 590.000 600.000 610.000 620.000 630.000 640.000 650.000 660.000 670.000 680.000 690.000 700.000 710.000 720.000 730.000 740.000 743.371 743.371 744.000 746.000 748.000 750.000 760.000 770.000 773.002
0.316 0.316 0.316 0.316 0.315 0.315 0.315 0.314 0.314 0.314 0.313 0.313 0.312 0.311 0.311 0.310 0.309 0.308 0.307 0.306 0.305 0.304 0.302 0.301 0.299 0.297 0.296 0.296 0.292 0.276 0.275 0.270 0.270 0.266 0.262 0.259 0.255 0.252 0.248 0.245 0.241 0.237 0.232 0.228 0.222 0.216 0.209 0.200 0.190 0.175 0.169 0.169 0.167 0.159 0.150 0.141 0.087 0.022 0.000
BCC_B2#2
555.297 556.000 559.167 560.000 570.000 570.000 580.000 590.000 600.000 610.000 620.000 630.000 640.000 650.000 660.000 670.000 680.000 690.000 700.000 710.000 720.000 730.000 740.000 743.371 743.371 744.000 746.000 748.000 750.000 760.000 770.000 773.002 780.000 790.000 790.260
0.000 0.066 0.390 0.390 0.395 0.395 0.400 0.404 0.408 0.412 0.416 0.420 0.424 0.429 0.434 0.440 0.447 0.455 0.464 0.474 0.488 0.504 0.527 0.537 0.537 0.520 0.470 0.425 0.386 0.251 0.170 0.149 0.099 0.003 0.000
