22 23 73 24
0.403 0.403 0.083 0.111
C15_LAVES
700.000 710.000 720.000 730.000 740.000 742.861 742.861 750.000 760.000 770.000 776.657 780.000 781.297 790.000 800.000 810.000 820.000 830.000 840.000 850.000 860.000 870.000 870.000 880.000 890.000 900.000 910.000 920.000 930.000 940.000 950.000 960.000 970.000 980.000 985.736
0.384 0.382 0.378 0.373 0.366 0.363 0.363 0.346 0.314 0.277 0.251 0.251 0.251 0.243 0.234 0.225 0.215 0.205 0.195 0.184 0.173 0.162 0.162 0.150 0.138 0.125 0.112 0.099 0.085 0.071 0.056 0.041 0.025 0.009 0.000
BCC_B2#2
700.000 710.000 720.000 730.000 740.000 742.861 742.861 750.000 760.000 770.000 776.657 780.000 781.297
0.382 0.391 0.401 0.415 0.435 0.443 0.443 0.286 0.157 0.078 0.034 0.010 0.000
HCP_A3
700.000 710.000 720.000 730.000 740.000 742.861 742.861 750.000 760.000 770.000 776.657
0.234 0.228 0.221 0.212 0.199 0.194 0.194 0.165 0.113 0.048 0.000
BCC_B2
742.861 750.000 760.000 770.000 776.657 780.000 781.297 790.000 800.000 810.000 820.000 830.000 840.000 850.000 860.000 870.000 870.000 880.000 890.000 900.000 910.000 920.000 930.000 940.000 950.000 960.000 970.000 980.000 985.736 985.736 990.000 1000.000 1010.000 1020.000 1030.000 1040.000 1050.000 1060.000 1070.000 1080.000 1090.000 1100.000 1110.000 1120.000 1130.000 1140.000 1150.000 1160.000 1170.000 1180.000 1190.000 1200.000
0.000 0.203 0.416 0.597 0.714 0.739 0.749 0.757 0.766 0.775 0.785 0.795 0.805 0.816 0.827 0.838 0.838 0.850 0.862 0.875 0.888 0.901 0.915 0.929 0.944 0.959 0.975 0.991 1.000 1.000 1.000 1.000 1.000 1.000 1.000 1.000 1.000 1.000 1.000 1.000 1.000 1.000 1.000 1.000 1.000 1.000 1.000 1.000 1.000 1.000 1.000 1.000
