22 23 73 24
0.403 0.389 0.097 0.111
C15_LAVES
700.000 704.000 714.000 724.000 734.000 740.290 740.290 744.000 754.000 764.000 766.747 768.000 770.000 772.000 774.000 776.000 776.102 776.102 780.000 790.000 800.000 810.000 820.000 830.000 840.000 850.000 860.000 870.000 880.000 890.000 900.000 910.000 920.000 930.000 940.000 950.000 960.000 970.000 980.000 990.000 1000.000 1010.000 1019.238
0.443 0.442 0.440 0.436 0.431 0.426 0.426 0.419 0.392 0.357 0.346 0.341 0.332 0.323 0.314 0.305 0.304 0.304 0.301 0.292 0.283 0.274 0.265 0.255 0.245 0.234 0.223 0.212 0.201 0.189 0.176 0.164 0.151 0.137 0.124 0.109 0.095 0.080 0.064 0.049 0.032 0.016 0.000
BCC_B2#2
700.000 704.000 714.000 724.000 734.000 740.290 740.290 744.000 754.000 764.000 766.747
0.322 0.325 0.333 0.343 0.358 0.372 0.372 0.276 0.109 0.019 0.000
HCP_A3
700.000 704.000 714.000 724.000 734.000 740.290 740.290 744.000 754.000 764.000 766.747 768.000 770.000 772.000 774.000 776.000 776.102 776.102
0.235 0.233 0.227 0.220 0.211 0.202 0.202 0.189 0.144 0.085 0.067 0.058 0.044 0.030 0.016 0.001 0.000 0.000
BCC_B2
740.290 744.000 754.000 764.000 766.747 768.000 770.000 772.000 774.000 776.000 776.102 776.102 780.000 790.000 800.000 810.000 820.000 830.000 840.000 850.000 860.000 870.000 880.000 890.000 900.000 910.000 920.000 930.000 940.000 950.000 960.000 970.000 980.000 990.000 1000.000 1010.000 1019.238 1019.238 1020.000 1030.000 1040.000 1050.000 1060.000 1070.000 1080.000 1090.000 1100.000 1110.000 1120.000 1130.000 1140.000 1150.000 1160.000 1170.000 1180.000 1190.000 1200.000
0.000 0.116 0.355 0.539 0.587 0.601 0.624 0.647 0.671 0.695 0.696 0.696 0.699 0.708 0.717 0.726 0.735 0.745 0.755 0.766 0.777 0.788 0.799 0.811 0.824 0.836 0.849 0.863 0.876 0.891 0.905 0.920 0.936 0.951 0.968 0.984 1.000 1.000 1.000 1.000 1.000 1.000 1.000 1.000 1.000 1.000 1.000 1.000 1.000 1.000 1.000 1.000 1.000 1.000 1.000 1.000 1.000
