22 23 73 24
0.417 0.375 0.097 0.111
C15_LAVES
700.000 706.000 716.000 726.000 736.000 742.337 742.337 746.000 756.000 766.000 768.804 770.000 772.000 774.000 776.000 778.000 780.000 780.239 780.239 790.000 800.000 810.000 820.000 830.000 840.000 850.000 860.000 870.000 880.000 890.000 900.000 910.000 920.000 930.000 940.000 950.000 960.000 970.000 980.000 990.000 1000.000 1010.000 1020.000 1020.872
0.445 0.444 0.441 0.438 0.434 0.429 0.429 0.421 0.394 0.359 0.349 0.344 0.335 0.326 0.317 0.308 0.299 0.298 0.298 0.290 0.281 0.271 0.262 0.252 0.242 0.231 0.221 0.210 0.198 0.186 0.174 0.162 0.149 0.136 0.123 0.109 0.095 0.080 0.065 0.050 0.034 0.018 0.001 0.000
BCC_B2#2
700.000 706.000 716.000 726.000 736.000 742.337 742.337 746.000 756.000 766.000 768.804
0.306 0.309 0.317 0.326 0.340 0.353 0.353 0.266 0.109 0.020 0.000
HCP_A3
700.000 706.000 716.000 726.000 736.000 742.337 742.337 746.000 756.000 766.000 768.804 770.000 772.000 774.000 776.000 778.000 780.000 780.239 780.239
0.250 0.247 0.242 0.235 0.226 0.218 0.218 0.205 0.159 0.100 0.081 0.073 0.059 0.045 0.031 0.017 0.002 0.000 0.000
BCC_B2
742.337 746.000 756.000 766.000 768.804 770.000 772.000 774.000 776.000 778.000 780.000 780.239 780.239 790.000 800.000 810.000 820.000 830.000 840.000 850.000 860.000 870.000 880.000 890.000 900.000 910.000 920.000 930.000 940.000 950.000 960.000 970.000 980.000 990.000 1000.000 1010.000 1020.000 1020.872 1020.872 1030.000 1040.000 1050.000 1060.000 1070.000 1080.000 1090.000 1100.000 1110.000 1120.000 1130.000 1140.000 1150.000 1160.000 1170.000 1180.000 1190.000 1200.000
0.000 0.108 0.338 0.521 0.570 0.583 0.606 0.629 0.652 0.675 0.699 0.702 0.702 0.710 0.719 0.729 0.738 0.748 0.758 0.769 0.779 0.790 0.802 0.814 0.826 0.838 0.851 0.864 0.877 0.891 0.905 0.920 0.935 0.950 0.966 0.982 0.999 1.000 1.000 1.000 1.000 1.000 1.000 1.000 1.000 1.000 1.000 1.000 1.000 1.000 1.000 1.000 1.000 1.000 1.000 1.000 1.000
