22 23 73 24
0.431 0.347 0.111 0.111
C15_LAVES
700.000 705.200 715.200 725.200 735.200 741.798 741.798 745.200 755.200 758.239 759.200 761.200 763.200 765.200 767.200 769.200 779.200 779.600 780.000 782.000 784.000 784.875 784.875 790.000 800.000 810.000 820.000 830.000 840.000 850.000 860.000 870.000 880.000 890.000 900.000 910.000 920.000 930.000 940.000 950.000 960.000 970.000 980.000 990.000 1000.000 1010.000 1020.000 1030.000 1040.000 1050.000 1054.151
0.501 0.501 0.500 0.498 0.495 0.491 0.491 0.484 0.459 0.449 0.446 0.438 0.430 0.422 0.413 0.405 0.360 0.358 0.887 0.347 0.338 0.334 0.334 0.329 0.320 0.311 0.302 0.292 0.282 0.272 0.261 0.250 0.239 0.228 0.216 0.204 0.192 0.180 0.167 0.154 0.140 0.127 0.113 0.099 0.084 0.069 0.054 0.039 0.023 0.007 0.000
BCC_B2#2
700.000 705.200 715.200 725.200 735.200 741.798 741.798 745.200 755.200 758.239
0.233 0.236 0.241 0.248 0.258 0.269 0.269 0.189 0.032 0.000
HCP_A3
700.000 705.200 715.200 725.200 735.200 741.798 741.798 745.200 755.200 758.239 759.200 761.200 763.200 765.200 767.200 769.200 779.200 779.600 780.000 782.000 784.000 784.875 784.875
0.265 0.263 0.259 0.254 0.247 0.240 0.240 0.229 0.185 0.169 0.164 0.153 0.142 0.130 0.118 0.105 0.039 0.037 0.113 0.020 0.006 0.000 0.000
BCC_B2
741.798 745.200 755.200 758.239 759.200 761.200 763.200 765.200 767.200 769.200 779.200 779.600 780.000 782.000 784.000 784.875 784.875 790.000 800.000 810.000 820.000 830.000 840.000 850.000 860.000 870.000 880.000 890.000 900.000 910.000 920.000 930.000 940.000 950.000 960.000 970.000 980.000 990.000 1000.000 1010.000 1020.000 1030.000 1040.000 1050.000 1054.151 1054.151 1060.000 1070.000 1080.000 1090.000 1100.000 1110.000 1120.000 1130.000 1140.000 1150.000 1160.000 1170.000 1180.000 1190.000 1200.000
0.000 0.098 0.324 0.381 0.390 0.408 0.428 0.448 0.469 0.490 0.601 0.606 0.000 0.633 0.656 0.666 0.666 0.671 0.680 0.689 0.698 0.708 0.718 0.728 0.739 0.750 0.761 0.772 0.784 0.796 0.808 0.820 0.833 0.846 0.860 0.873 0.887 0.901 0.916 0.931 0.946 0.961 0.977 0.993 1.000 1.000 1.000 1.000 1.000 1.000 1.000 1.000 1.000 1.000 1.000 1.000 1.000 1.000 1.000 1.000 1.000
