22 23 73 24
0.444 0.361 0.056 0.139
C15_LAVES
700.000 710.000 720.000 730.000 740.000 750.000 760.000 770.000 779.345 779.345 780.000 790.000 800.000 809.863 810.000 820.000 830.000 835.733 840.000 850.000 860.000 870.000 870.000 880.000 890.000 900.000 910.000 920.000 930.000 940.000 950.000 960.000 970.000 976.510
0.277 0.275 0.274 0.271 0.269 0.266 0.262 0.257 0.250 0.250 0.248 0.215 0.183 0.153 0.153 0.151 0.150 0.150 0.146 0.137 0.128 0.119 0.119 0.109 0.099 0.089 0.079 0.068 0.057 0.045 0.033 0.021 0.008 0.000
BCC_B2#2
700.000 710.000 720.000 730.000 740.000 750.000 760.000 770.000 779.345 779.345 780.000 790.000 800.000 809.863 810.000 820.000 830.000 835.733
0.439 0.444 0.450 0.457 0.464 0.474 0.485 0.500 0.518 0.518 0.511 0.403 0.303 0.201 0.200 0.146 0.066 0.000
HCP_A3
700.000 710.000 720.000 730.000 740.000 750.000 760.000 770.000 779.345 779.345 780.000 790.000 800.000 809.863
0.284 0.280 0.276 0.272 0.267 0.261 0.253 0.243 0.231 0.231 0.227 0.163 0.088 0.000
BCC_B2
779.345 780.000 790.000 800.000 809.863 810.000 820.000 830.000 835.733 840.000 850.000 860.000 870.000 870.000 880.000 890.000 900.000 910.000 920.000 930.000 940.000 950.000 960.000 970.000 976.510 976.510 980.000 990.000 1000.000 1010.000 1020.000 1030.000 1040.000 1050.000 1060.000 1070.000 1080.000 1090.000 1100.000 1110.000 1120.000 1130.000 1140.000 1150.000 1160.000 1170.000 1180.000 1190.000 1200.000
0.000 0.014 0.219 0.426 0.646 0.647 0.703 0.784 0.850 0.854 0.863 0.872 0.881 0.881 0.891 0.901 0.911 0.921 0.932 0.943 0.955 0.967 0.979 0.992 1.000 1.000 1.000 1.000 1.000 1.000 1.000 1.000 1.000 1.000 1.000 1.000 1.000 1.000 1.000 1.000 1.000 1.000 1.000 1.000 1.000 1.000 1.000 1.000 1.000
