22 23 73 24
0.444 0.361 0.083 0.111
C15_LAVES
700.000 704.000 714.000 724.000 734.000 744.000 750.076 750.076 754.000 764.000 774.000 784.000 786.868 788.000 789.595 789.595 790.000 800.000 810.000 820.000 830.000 840.000 850.000 860.000 870.000 880.000 890.000 900.000 910.000 920.000 930.000 940.000 950.000 960.000 970.000 980.000 990.000 993.952
0.390 0.389 0.387 0.385 0.381 0.376 0.371 0.371 0.362 0.332 0.297 0.263 0.253 0.248 0.242 0.242 0.242 0.233 0.223 0.214 0.204 0.194 0.184 0.173 0.162 0.151 0.139 0.128 0.115 0.103 0.090 0.077 0.063 0.050 0.035 0.021 0.006 0.000
BCC_B2#2
700.000 704.000 714.000 724.000 734.000 744.000 750.076 750.076 754.000 764.000 774.000 784.000 786.868
0.331 0.334 0.340 0.348 0.359 0.374 0.386 0.386 0.312 0.182 0.096 0.021 0.000
HCP_A3
700.000 704.000 714.000 724.000 734.000 744.000 750.076 750.076 754.000 764.000 774.000 784.000 786.868 788.000 789.595 789.595
0.279 0.277 0.272 0.267 0.260 0.250 0.242 0.242 0.226 0.176 0.114 0.043 0.021 0.012 0.000 0.000
BCC_B2
750.076 754.000 764.000 774.000 784.000 786.868 788.000 789.595 789.595 790.000 800.000 810.000 820.000 830.000 840.000 850.000 860.000 870.000 880.000 890.000 900.000 910.000 920.000 930.000 940.000 950.000 960.000 970.000 980.000 990.000 993.952 993.952 1000.000 1010.000 1020.000 1030.000 1040.000 1050.000 1060.000 1070.000 1080.000 1090.000 1100.000 1110.000 1120.000 1130.000 1140.000 1150.000 1160.000 1170.000 1180.000 1190.000 1200.000
0.000 0.100 0.311 0.493 0.673 0.726 0.739 0.758 0.758 0.758 0.767 0.777 0.786 0.796 0.806 0.816 0.827 0.838 0.849 0.861 0.872 0.885 0.897 0.910 0.923 0.937 0.950 0.965 0.979 0.994 1.000 1.000 1.000 1.000 1.000 1.000 1.000 1.000 1.000 1.000 1.000 1.000 1.000 1.000 1.000 1.000 1.000 1.000 1.000 1.000 1.000 1.000 1.000
