22 23 73 24
0.444 0.417 0.028 0.111
C15_LAVES
700.000 710.000 720.000 730.000 740.000 750.000 760.000 760.430 760.430 770.000 780.000 785.063
0.122 0.118 0.113 0.108 0.101 0.092 0.081 0.081 0.081 0.051 0.017 0.000
BCC_B2#2
700.000 710.000 720.000 730.000 740.000 750.000 760.000 760.430 760.430 770.000 780.000 785.063 790.000 798.592 800.000 810.000 820.000 821.651
0.599 0.610 0.622 0.637 0.655 0.676 0.704 0.705 0.705 0.578 0.484 0.442 0.389 0.278 0.267 0.172 0.030 0.000
HCP_A3
700.000 710.000 720.000 730.000 740.000 750.000 760.000 760.430 760.430 770.000 780.000 785.063 790.000 798.592
0.279 0.272 0.264 0.256 0.245 0.232 0.215 0.214 0.214 0.164 0.103 0.070 0.047 0.000
BCC_B2
760.430 770.000 780.000 785.063 790.000 798.592 800.000 810.000 820.000 821.651 830.000 840.000 850.000 860.000 870.000 870.000 880.000 890.000 900.000 910.000 920.000 930.000 940.000 950.000 960.000 970.000 980.000 990.000 1000.000 1010.000 1020.000 1030.000 1040.000 1050.000 1060.000 1070.000 1080.000 1090.000 1100.000 1110.000 1120.000 1130.000 1140.000 1150.000 1160.000 1170.000 1180.000 1190.000 1200.000
0.000 0.208 0.396 0.489 0.565 0.722 0.733 0.828 0.970 1.000 1.000 1.000 1.000 1.000 1.000 1.000 1.000 1.000 1.000 1.000 1.000 1.000 1.000 1.000 1.000 1.000 1.000 1.000 1.000 1.000 1.000 1.000 1.000 1.000 1.000 1.000 1.000 1.000 1.000 1.000 1.000 1.000 1.000 1.000 1.000 1.000 1.000 1.000 1.000
