22 23 73 24
0.444 0.333 0.111 0.111
C15_LAVES
300.000 305.200 315.200 325.200 335.200 345.200 355.200 365.200 375.200 385.200 395.200 405.200 415.200 425.200 435.200 445.200 455.200 465.200 475.200 485.200 495.200 505.200 515.200 525.200 535.200 545.200 550.042 550.042 552.380 555.200 565.200 575.200 585.200 595.200 605.200 615.200 625.200 635.200 645.200 655.200 665.200 667.200 669.200 679.200 689.200 699.200 709.200 719.200 729.200 739.200 744.705 744.705 749.200 759.200 761.423 763.200 765.200 767.200 769.200 771.200 773.200 783.200 783.600 784.000 786.000 788.000 789.817 789.817 790.000 800.000 810.000 820.000 830.000 840.000 850.000 860.000 870.000 880.000 890.000 900.000 910.000 920.000 930.000 940.000 950.000 960.000 970.000 980.000 990.000 1000.000 1010.000 1020.000 1030.000 1040.000 1050.000 1059.991
0.491 0.491 0.491 0.491 0.491 0.491 0.491 0.492 0.492 0.492 0.492 0.492 0.493 0.493 0.493 0.494 0.494 0.494 0.495 0.495 0.496 0.496 0.497 0.497 0.498 0.499 0.499 0.499 0.499 0.499 0.499 0.500 0.500 0.501 0.501 0.502 0.502 0.503 0.503 0.503 0.504 0.504 0.610 0.504 0.504 0.503 0.503 0.502 0.500 0.497 0.494 0.494 0.484 0.457 0.450 0.443 0.435 0.427 0.419 0.411 0.402 0.358 0.356 0.883 0.346 0.337 0.329 0.329 0.329 0.320 0.311 0.301 0.292 0.282 0.272 0.261 0.251 0.240 0.229 0.217 0.206 0.194 0.182 0.169 0.157 0.144 0.131 0.117 0.104 0.090 0.075 0.061 0.046 0.031 0.016 0.000
BCC_B2
300.000 305.200 315.200 325.200 335.200 345.200 355.200 365.200 375.200 385.200 395.200 405.200 415.200 425.200 435.200 445.200 455.200 465.200 475.200 485.200 495.200 505.200 515.200 525.200 535.200 545.200 550.042 550.042 552.380 nan 744.705 749.200 759.200 761.423 763.200 765.200 767.200 769.200 771.200 773.200 783.200 783.600 784.000 786.000 788.000 789.817 789.817 790.000 800.000 810.000 820.000 830.000 840.000 850.000 860.000 870.000 880.000 890.000 900.000 910.000 920.000 930.000 940.000 950.000 960.000 970.000 980.000 990.000 1000.000 1010.000 1020.000 1030.000 1040.000 1050.000 1059.991 1059.991 1060.000 1070.000 1080.000 1090.000 1100.000 1110.000 1120.000 1130.000 1140.000 1150.000 1160.000 1170.000 1180.000 1190.000 1200.000 1210.000 1220.000 1230.000 1240.000 1250.000 1260.000 1270.000 1280.000 1290.000 1300.000 1310.000 1320.000 1330.000 1340.000 1350.000 1360.000 1370.000 1380.000 1390.000 1400.000
0.178 0.178 0.178 0.178 0.178 0.178 0.178 0.178 0.178 0.178 0.178 0.178 0.179 0.179 0.179 0.179 0.179 0.179 0.179 0.179 0.180 0.180 0.180 0.180 0.181 0.181 0.181 0.181 0.000 nan 0.000 0.119 0.330 0.371 0.387 0.406 0.426 0.446 0.467 0.488 0.596 0.601 0.000 0.628 0.650 0.671 0.671 0.671 0.680 0.689 0.699 0.708 0.718 0.728 0.739 0.749 0.760 0.771 0.783 0.794 0.806 0.818 0.831 0.843 0.856 0.869 0.883 0.896 0.910 0.925 0.939 0.954 0.969 0.984 1.000 1.000 1.000 1.000 1.000 1.000 1.000 1.000 1.000 1.000 1.000 1.000 1.000 1.000 1.000 1.000 1.000 1.000 1.000 1.000 1.000 1.000 1.000 1.000 1.000 1.000 1.000 1.000 1.000 1.000 1.000 1.000 1.000 1.000 1.000 1.000 1.000
HCP_A3
300.000 305.200 315.200 325.200 335.200 345.200 355.200 365.200 375.200 385.200 395.200 405.200 415.200 425.200 435.200 445.200 455.200 465.200 475.200 485.200 495.200 505.200 515.200 525.200 535.200 545.200 550.042 550.042 552.380 555.200 565.200 575.200 585.200 595.200 605.200 615.200 625.200 635.200 645.200 655.200 665.200 667.200 669.200 679.200 689.200 699.200 709.200 719.200 729.200 739.200 744.705 744.705 749.200 759.200 761.423 763.200 765.200 767.200 769.200 771.200 773.200 783.200 783.600 784.000 786.000 788.000 789.817 789.817
0.331 0.331 0.331 0.331 0.331 0.331 0.330 0.330 0.330 0.330 0.329 0.329 0.329 0.328 0.328 0.328 0.327 0.327 0.326 0.325 0.325 0.324 0.323 0.322 0.321 0.320 0.320 0.320 0.308 0.307 0.305 0.303 0.301 0.299 0.298 0.296 0.294 0.293 0.291 0.289 0.287 0.287 0.390 0.284 0.282 0.279 0.276 0.272 0.267 0.260 0.255 0.255 0.238 0.192 0.180 0.170 0.159 0.147 0.135 0.123 0.110 0.045 0.043 0.117 0.026 0.013 0.000 0.000
BCC_B2#2
550.042 552.380 555.200 565.200 575.200 585.200 595.200 605.200 615.200 625.200 635.200 645.200 655.200 665.200 667.200 669.200 679.200 689.200 699.200 709.200 719.200 729.200 739.200 744.705 744.705 749.200 759.200 761.423
0.000 0.194 0.194 0.196 0.198 0.199 0.200 0.201 0.202 0.203 0.205 0.206 0.208 0.209 0.210 0.000 0.212 0.215 0.218 0.222 0.226 0.233 0.243 0.252 0.252 0.158 0.022 0.000
