22 23 73 24
0.444 0.403 0.042 0.111
C15_LAVES
700.000 710.000 720.000 730.000 740.000 750.000 757.405 757.405 760.000 770.000 780.000 790.000 792.886 800.000 810.000 820.000 821.675 830.000 840.000 850.000 859.350 859.350
0.197 0.193 0.189 0.184 0.178 0.170 0.162 0.162 0.155 0.122 0.088 0.055 0.046 0.045 0.043 0.042 0.041 0.033 0.022 0.011 0.000 0.000
BCC_B2#2
700.000 710.000 720.000 730.000 740.000 750.000 757.405 757.405 760.000 770.000 780.000 790.000 792.886 800.000 810.000 820.000 821.675
0.524 0.534 0.545 0.559 0.575 0.596 0.616 0.616 0.573 0.449 0.360 0.281 0.257 0.217 0.141 0.025 0.000
HCP_A3
700.000 710.000 720.000 730.000 740.000 750.000 757.405 757.405 760.000 770.000 780.000 790.000 792.886
0.279 0.273 0.265 0.257 0.247 0.234 0.222 0.222 0.209 0.156 0.093 0.022 0.000
BCC_B2
757.405 760.000 770.000 780.000 790.000 792.886 800.000 810.000 820.000 821.675 830.000 840.000 850.000 859.350 859.350 860.000 870.000 880.000 890.000 900.000 910.000 920.000 930.000 940.000 950.000 960.000 970.000 980.000 990.000 1000.000 1010.000 1020.000 1030.000 1040.000 1050.000 1060.000 1070.000 1080.000 1090.000 1100.000 1110.000 1120.000 1130.000 1140.000 1150.000 1160.000 1170.000 1180.000 1190.000 1200.000
0.000 0.063 0.273 0.458 0.642 0.696 0.738 0.816 0.933 0.959 0.967 0.978 0.989 1.000 1.000 1.000 1.000 1.000 1.000 1.000 1.000 1.000 1.000 1.000 1.000 1.000 1.000 1.000 1.000 1.000 1.000 1.000 1.000 1.000 1.000 1.000 1.000 1.000 1.000 1.000 1.000 1.000 1.000 1.000 1.000 1.000 1.000 1.000 1.000 1.000
