22 23 73 24
0.444 0.431 0.014 0.111
C15_LAVES
700.000 701.300 711.300 721.300 731.300 741.300 751.300 758.617
0.043 0.042 0.037 0.031 0.025 0.017 0.008 0.000
BCC_B2#2
700.000 701.300 711.300 721.300 731.300 741.300 751.300 758.617 761.300 767.585 767.585 771.300 781.300 791.300 801.300 811.300 811.400
0.678 0.680 0.692 0.706 0.722 0.742 0.765 0.785 0.789 0.799 0.799 0.768 0.650 0.485 0.272 0.007 0.004
HCP_A3
700.000 701.300 711.300 721.300 731.300 741.300 751.300 758.617 761.300 767.585 767.585 771.300 781.300 791.300 801.300 811.300 811.400 nan 811.400 811.463
0.279 0.278 0.271 0.262 0.253 0.241 0.227 0.215 0.211 0.201 0.201 0.191 0.160 0.120 0.068 0.001 0.001 nan 0.001 0.000
BCC_B2
767.585 771.300 781.300 791.300 801.300 811.300 811.400 nan 811.400 811.463 820.000 830.000 840.000 850.000 860.000 870.000 880.000 890.000 900.000 910.000 920.000 930.000 940.000 950.000 960.000 970.000 980.000 990.000 1000.000 1010.000 1020.000 1030.000 1040.000 1050.000 1060.000 1070.000 1080.000 1090.000 1100.000 1110.000 1120.000 1130.000 1140.000 1150.000 1160.000 1170.000 1180.000 1190.000 1200.000
0.000 0.041 0.190 0.395 0.659 0.992 0.995 nan 0.999 1.000 1.000 1.000 1.000 1.000 1.000 1.000 1.000 1.000 1.000 1.000 1.000 1.000 1.000 1.000 1.000 1.000 1.000 1.000 1.000 1.000 1.000 1.000 1.000 1.000 1.000 1.000 1.000 1.000 1.000 1.000 1.000 1.000 1.000 1.000 1.000 1.000 1.000 1.000 1.000
