22 23 73 24
0.458 0.347 0.083 0.111
C15_LAVES
300.000 302.000 312.000 322.000 332.000 342.000 352.000 362.000 372.000 382.000 392.000 402.000 412.000 422.000 432.000 442.000 452.000 462.000 472.000 482.000 492.000 502.000 512.000 522.000 532.000 542.000 545.203 545.203 548.472 552.000 562.000 572.000 582.000 592.000 602.000 612.000 622.000 632.000 642.000 652.000 662.000 672.000 674.000 676.000 686.000 696.000 706.000 716.000 726.000 736.000 746.000 752.363 752.363 756.000 766.000 776.000 786.000 788.085 790.000 792.000 793.990 793.990 800.000 810.000 820.000 830.000 840.000 850.000 860.000 870.000 880.000 890.000 900.000 910.000 920.000 930.000 940.000 950.000 960.000 970.000 980.000 990.000 997.280
0.390 0.390 0.390 0.390 0.390 0.390 0.390 0.390 0.390 0.390 0.391 0.391 0.391 0.391 0.391 0.392 0.392 0.392 0.392 0.393 0.393 0.393 0.394 0.394 0.394 0.395 0.395 0.395 0.395 0.395 0.395 0.395 0.395 0.395 0.395 0.395 0.396 0.395 0.395 0.395 0.395 0.394 0.394 0.551 0.393 0.392 0.391 0.389 0.387 0.383 0.379 0.374 0.374 0.365 0.335 0.301 0.268 0.261 0.254 0.246 0.238 0.238 0.233 0.223 0.214 0.204 0.194 0.184 0.174 0.163 0.152 0.141 0.129 0.117 0.105 0.092 0.079 0.066 0.053 0.039 0.025 0.011 0.000
BCC_B2
300.000 302.000 312.000 322.000 332.000 342.000 352.000 362.000 372.000 382.000 392.000 402.000 412.000 422.000 432.000 442.000 452.000 462.000 472.000 482.000 492.000 502.000 512.000 522.000 532.000 542.000 545.203 545.203 548.472 nan 752.363 756.000 766.000 776.000 786.000 788.085 790.000 792.000 793.990 793.990 800.000 810.000 820.000 830.000 840.000 850.000 860.000 870.000 880.000 890.000 900.000 910.000 920.000 930.000 940.000 950.000 960.000 970.000 980.000 990.000 997.280 997.280 1000.000 1010.000 1020.000 1030.000 1040.000 1050.000 1060.000 1070.000 1080.000 1090.000 1100.000 1110.000 1120.000 1130.000 1140.000 1150.000 1160.000 1170.000 1180.000 1190.000 1200.000 1210.000 1220.000 1230.000 1240.000 1250.000 1260.000 1270.000 1280.000 1290.000 1300.000 1310.000 1320.000 1330.000 1340.000 1350.000 1360.000 1370.000 1380.000 1390.000 1400.000
0.248 0.248 0.248 0.248 0.248 0.248 0.248 0.249 0.249 0.249 0.249 0.249 0.249 0.250 0.250 0.250 0.250 0.251 0.251 0.251 0.252 0.252 0.253 0.254 0.254 0.255 0.255 0.255 0.000 nan 0.000 0.089 0.294 0.475 0.655 0.693 0.715 0.739 0.762 0.762 0.767 0.777 0.786 0.796 0.806 0.816 0.826 0.837 0.848 0.859 0.871 0.883 0.895 0.908 0.921 0.934 0.947 0.961 0.975 0.989 1.000 1.000 1.000 1.000 1.000 1.000 1.000 1.000 1.000 1.000 1.000 1.000 1.000 1.000 1.000 1.000 1.000 1.000 1.000 1.000 1.000 1.000 1.000 1.000 1.000 1.000 1.000 1.000 1.000 1.000 1.000 1.000 1.000 1.000 1.000 1.000 1.000 1.000 1.000 1.000 1.000 1.000 1.000
HCP_A3
300.000 302.000 312.000 322.000 332.000 342.000 352.000 362.000 372.000 382.000 392.000 402.000 412.000 422.000 432.000 442.000 452.000 462.000 472.000 482.000 492.000 502.000 512.000 522.000 532.000 542.000 545.203 545.203 548.472 552.000 562.000 572.000 582.000 592.000 602.000 612.000 622.000 632.000 642.000 652.000 662.000 672.000 674.000 676.000 686.000 696.000 706.000 716.000 726.000 736.000 746.000 752.363 752.363 756.000 766.000 776.000 786.000 788.085 790.000 792.000 793.990 793.990
0.362 0.362 0.362 0.362 0.362 0.362 0.362 0.361 0.361 0.361 0.361 0.360 0.360 0.359 0.359 0.358 0.358 0.357 0.357 0.356 0.355 0.354 0.353 0.352 0.351 0.350 0.350 0.350 0.330 0.329 0.326 0.324 0.322 0.320 0.318 0.316 0.314 0.312 0.310 0.308 0.305 0.303 0.302 0.449 0.299 0.295 0.292 0.287 0.282 0.276 0.267 0.259 0.259 0.244 0.193 0.132 0.061 0.045 0.031 0.015 0.000 0.000
BCC_B2#2
545.203 548.472 552.000 562.000 572.000 582.000 592.000 602.000 612.000 622.000 632.000 642.000 652.000 662.000 672.000 674.000 676.000 686.000 696.000 706.000 716.000 726.000 736.000 746.000 752.363 752.363 756.000 766.000 776.000 786.000 788.085
0.000 0.275 0.276 0.279 0.281 0.283 0.285 0.287 0.289 0.291 0.293 0.295 0.297 0.300 0.303 0.304 0.000 0.308 0.313 0.318 0.324 0.331 0.341 0.355 0.367 0.367 0.303 0.178 0.092 0.016 0.000
