22 23 73 24
0.458 0.319 0.111 0.111
C15_LAVES
300.000 307.200 317.200 327.200 337.200 347.200 357.200 367.200 377.200 387.200 397.200 407.200 417.200 427.200 437.200 447.200 457.200 467.200 477.200 487.200 497.200 507.200 517.200 527.200 537.200 547.200 547.919 547.919 550.154 557.200 567.200 577.200 587.200 597.200 607.200 617.200 627.200 637.200 647.200 657.200 667.200 669.200 671.200 681.200 691.200 701.200 711.200 721.200 731.200 741.200 746.890 746.890 751.200 761.200 763.203 765.200 767.200 769.200 771.200 781.200 781.600 782.000 784.000 786.000 788.000 790.000 792.000 794.000 794.679 794.679 800.000 810.000 820.000 830.000 840.000 850.000 860.000 870.000 880.000 890.000 900.000 910.000 920.000 930.000 940.000 950.000 960.000 970.000 980.000 990.000 1000.000 1010.000 1020.000 1030.000 1040.000 1050.000 1060.000 1063.938
0.491 0.491 0.492 0.492 0.492 0.492 0.492 0.492 0.492 0.492 0.493 0.493 0.493 0.493 0.494 0.494 0.495 0.495 0.495 0.496 0.496 0.497 0.497 0.498 0.499 0.499 0.499 0.499 0.499 0.500 0.500 0.501 0.501 0.502 0.502 0.503 0.503 0.504 0.504 0.505 0.505 0.505 0.604 0.505 0.505 0.505 0.504 0.504 0.502 0.499 0.497 0.497 0.487 0.460 0.453 0.446 0.438 0.430 0.422 0.380 0.378 0.853 0.368 0.360 0.351 0.342 0.334 0.325 0.322 0.322 0.317 0.308 0.299 0.289 0.279 0.269 0.259 0.249 0.238 0.227 0.216 0.205 0.193 0.181 0.169 0.157 0.145 0.132 0.119 0.106 0.092 0.078 0.064 0.050 0.036 0.021 0.006 0.000
BCC_B2
300.000 307.200 317.200 327.200 337.200 347.200 357.200 367.200 377.200 387.200 397.200 407.200 417.200 427.200 437.200 447.200 457.200 467.200 477.200 487.200 497.200 507.200 517.200 527.200 537.200 547.200 547.919 547.919 550.154 nan 746.890 751.200 761.200 763.203 765.200 767.200 769.200 771.200 781.200 781.600 782.000 784.000 786.000 788.000 790.000 792.000 794.000 794.679 794.679 800.000 810.000 820.000 830.000 840.000 850.000 860.000 870.000 880.000 890.000 900.000 910.000 920.000 930.000 940.000 950.000 960.000 970.000 980.000 990.000 1000.000 1010.000 1020.000 1030.000 1040.000 1050.000 1060.000 1063.938 1063.938 1070.000 1080.000 1090.000 1100.000 1110.000 1120.000 1130.000 1140.000 1150.000 1160.000 1170.000 1180.000 1190.000 1200.000 1210.000 1220.000 1230.000 1240.000 1250.000 1260.000 1270.000 1280.000 1290.000 1300.000 1310.000 1320.000 1330.000 1340.000 1350.000 1360.000 1370.000 1380.000 1390.000 1400.000
0.167 0.167 0.167 0.167 0.167 0.167 0.167 0.167 0.167 0.167 0.167 0.167 0.167 0.167 0.167 0.168 0.168 0.168 0.168 0.168 0.168 0.168 0.168 0.169 0.169 0.169 0.169 0.169 0.000 nan 0.000 0.109 0.314 0.351 0.369 0.387 0.407 0.427 0.530 0.534 0.000 0.560 0.581 0.603 0.625 0.648 0.670 0.678 0.678 0.683 0.692 0.701 0.711 0.721 0.731 0.741 0.751 0.762 0.773 0.784 0.795 0.807 0.819 0.831 0.843 0.855 0.868 0.881 0.894 0.908 0.922 0.936 0.950 0.964 0.979 0.994 1.000 1.000 1.000 1.000 1.000 1.000 1.000 1.000 1.000 1.000 1.000 1.000 1.000 1.000 1.000 1.000 1.000 1.000 1.000 1.000 1.000 1.000 1.000 1.000 1.000 1.000 1.000 1.000 1.000 1.000 1.000 1.000 1.000 1.000 1.000 1.000
HCP_A3
300.000 307.200 317.200 327.200 337.200 347.200 357.200 367.200 377.200 387.200 397.200 407.200 417.200 427.200 437.200 447.200 457.200 467.200 477.200 487.200 497.200 507.200 517.200 527.200 537.200 547.200 547.919 547.919 550.154 557.200 567.200 577.200 587.200 597.200 607.200 617.200 627.200 637.200 647.200 657.200 667.200 669.200 671.200 681.200 691.200 701.200 711.200 721.200 731.200 741.200 746.890 746.890 751.200 761.200 763.203 765.200 767.200 769.200 771.200 781.200 781.600 782.000 784.000 786.000 788.000 790.000 792.000 794.000 794.679 794.679
0.342 0.342 0.342 0.342 0.341 0.341 0.341 0.341 0.341 0.340 0.340 0.340 0.340 0.339 0.339 0.338 0.338 0.337 0.337 0.336 0.336 0.335 0.334 0.333 0.333 0.332 0.332 0.332 0.319 0.318 0.316 0.314 0.313 0.311 0.310 0.308 0.307 0.305 0.304 0.302 0.300 0.300 0.396 0.297 0.295 0.293 0.290 0.286 0.282 0.276 0.270 0.270 0.254 0.207 0.196 0.185 0.174 0.163 0.151 0.090 0.087 0.147 0.072 0.059 0.046 0.032 0.019 0.005 0.000 0.000
BCC_B2#2
547.919 550.154 557.200 567.200 577.200 587.200 597.200 607.200 617.200 627.200 637.200 647.200 657.200 667.200 669.200 671.200 681.200 691.200 701.200 711.200 721.200 731.200 741.200 746.890 746.890 751.200 761.200 763.203
0.000 0.182 0.183 0.184 0.185 0.186 0.187 0.188 0.189 0.190 0.191 0.192 0.194 0.195 0.195 0.000 0.198 0.200 0.202 0.206 0.210 0.216 0.225 0.233 0.233 0.150 0.019 0.000
