22 23 73 24
0.472 0.361 0.056 0.111
C15_LAVES
300.000 306.000 316.000 326.000 336.000 346.000 356.000 366.000 376.000 386.000 396.000 406.000 416.000 426.000 436.000 446.000 456.000 466.000 476.000 486.000 496.000 506.000 516.000 526.000 536.000 541.069 541.069 545.250 546.000 556.000 566.000 576.000 586.000 596.000 606.000 616.000 626.000 636.000 646.000 656.000 666.000 676.000 678.000 680.000 690.000 700.000 710.000 720.000 730.000 740.000 750.000 759.457 759.457 760.000 770.000 780.000 790.000 800.000 800.495 810.000 814.459 820.000 830.000 840.000 850.000 850.000 860.000 870.000 880.000 890.000 900.000 910.000 917.697
0.279 0.280 0.280 0.280 0.280 0.280 0.280 0.280 0.280 0.280 0.280 0.280 0.280 0.280 0.281 0.281 0.281 0.281 0.281 0.281 0.281 0.282 0.282 0.282 0.282 0.282 0.282 0.281 0.281 0.281 0.281 0.281 0.281 0.281 0.280 0.280 0.279 0.279 0.278 0.277 0.276 0.275 0.274 0.487 0.272 0.270 0.268 0.265 0.262 0.257 0.251 0.244 0.244 0.242 0.212 0.180 0.148 0.119 0.118 0.116 0.116 0.110 0.100 0.090 0.080 0.080 0.069 0.058 0.046 0.034 0.022 0.010 0.000
BCC_B2
300.000 306.000 316.000 326.000 336.000 346.000 356.000 366.000 376.000 386.000 396.000 406.000 416.000 426.000 436.000 446.000 456.000 466.000 476.000 486.000 496.000 506.000 516.000 526.000 536.000 541.069 541.069 545.250 nan 759.457 760.000 770.000 780.000 790.000 800.000 800.495 810.000 814.459 820.000 830.000 840.000 850.000 850.000 860.000 870.000 880.000 890.000 900.000 910.000 917.697 917.697 920.000 930.000 940.000 950.000 960.000 970.000 980.000 990.000 1000.000 1010.000 1020.000 1030.000 1040.000 1050.000 1060.000 1070.000 1080.000 1090.000 1100.000 1110.000 1120.000 1130.000 1140.000 1150.000 1160.000 1170.000 1180.000 1190.000 1200.000 1210.000 1220.000 1230.000 1240.000 1250.000 1260.000 1270.000 1280.000 1290.000 1300.000 1310.000 1320.000 1330.000 1340.000 1350.000 1360.000 1370.000 1380.000 1390.000 1400.000
0.324 0.324 0.324 0.324 0.324 0.324 0.324 0.325 0.325 0.325 0.325 0.326 0.326 0.326 0.327 0.327 0.328 0.328 0.329 0.330 0.330 0.331 0.332 0.333 0.334 0.335 0.335 0.000 nan 0.000 0.013 0.219 0.401 0.581 0.772 0.782 0.846 0.884 0.890 0.900 0.910 0.920 0.920 0.931 0.942 0.954 0.966 0.978 0.990 1.000 1.000 1.000 1.000 1.000 1.000 1.000 1.000 1.000 1.000 1.000 1.000 1.000 1.000 1.000 1.000 1.000 1.000 1.000 1.000 1.000 1.000 1.000 1.000 1.000 1.000 1.000 1.000 1.000 1.000 1.000 1.000 1.000 1.000 1.000 1.000 1.000 1.000 1.000 1.000 1.000 1.000 1.000 1.000 1.000 1.000 1.000 1.000 1.000 1.000 1.000
HCP_A3
300.000 306.000 316.000 326.000 336.000 346.000 356.000 366.000 376.000 386.000 396.000 406.000 416.000 426.000 436.000 446.000 456.000 466.000 476.000 486.000 496.000 506.000 516.000 526.000 536.000 541.069 541.069 545.250 546.000 556.000 566.000 576.000 586.000 596.000 606.000 616.000 626.000 636.000 646.000 656.000 666.000 676.000 678.000 680.000 690.000 700.000 710.000 720.000 730.000 740.000 750.000 759.457 759.457 760.000 770.000 780.000 790.000 800.000 800.495
0.397 0.397 0.397 0.396 0.396 0.396 0.396 0.396 0.395 0.395 0.395 0.394 0.394 0.393 0.393 0.392 0.391 0.391 0.390 0.389 0.388 0.387 0.386 0.385 0.384 0.383 0.383 0.355 0.354 0.351 0.349 0.346 0.344 0.341 0.339 0.337 0.334 0.332 0.329 0.326 0.323 0.320 0.319 0.513 0.315 0.311 0.307 0.301 0.295 0.287 0.277 0.265 0.265 0.262 0.212 0.152 0.084 0.004 0.000
BCC_B2#2
541.069 545.250 546.000 556.000 566.000 576.000 586.000 596.000 606.000 616.000 626.000 636.000 646.000 656.000 666.000 676.000 678.000 680.000 690.000 700.000 710.000 720.000 730.000 740.000 750.000 759.457 759.457 760.000 770.000 780.000 790.000 800.000 800.495 810.000 814.459
0.000 0.364 0.364 0.367 0.370 0.373 0.375 0.378 0.381 0.384 0.387 0.390 0.393 0.397 0.401 0.405 0.406 0.000 0.412 0.418 0.425 0.434 0.443 0.456 0.471 0.492 0.492 0.483 0.357 0.267 0.187 0.104 0.100 0.037 0.000
