22 23 73 24
0.472 0.319 0.083 0.125
C15_LAVES
300.000 304.000 314.000 324.000 334.000 344.000 354.000 356.000 nan 356.000 358.000 368.000 378.000 388.000 398.000 408.000 418.000 428.000 438.000 448.000 458.000 468.000 478.000 488.000 498.000 508.000 518.000 528.000 532.972 532.972 535.437 538.000 548.000 558.000 568.000 578.000 588.000 598.000 608.000 618.000 628.000 638.000 648.000 658.000 668.000 678.000 688.000 698.000 708.000 718.000 728.000 738.000 748.000 758.000 767.258 767.258 768.000 778.000 788.000 798.000 801.645 802.000 804.000 806.000 806.901 806.901 810.000 820.000 830.000 840.000 850.000 860.000 870.000 880.000 890.000 900.000 910.000 920.000 930.000 940.000 950.000 960.000 970.000 980.000 990.000 1000.000 1010.000 1020.000 1030.000 1038.898
0.390 0.390 0.390 0.390 0.390 0.390 0.391 0.391 nan 0.512 0.627 0.391 0.391 0.391 0.391 0.391 0.392 0.392 0.392 0.393 0.393 0.393 0.394 0.394 0.394 0.395 0.395 0.396 0.396 0.396 0.396 0.396 0.396 0.396 0.397 0.397 0.397 0.398 0.398 0.398 0.398 0.399 0.399 0.399 0.399 0.399 0.398 0.398 0.397 0.396 0.395 0.393 0.391 0.388 0.383 0.383 0.381 0.350 0.318 0.287 0.277 0.275 0.268 0.261 0.257 0.257 0.255 0.246 0.238 0.229 0.220 0.211 0.201 0.191 0.181 0.171 0.160 0.149 0.138 0.127 0.115 0.103 0.091 0.079 0.066 0.053 0.040 0.026 0.013 0.000
BCC_B2#2
300.000 304.000 314.000 324.000 334.000 344.000 354.000 356.000 nan 532.972 535.437 538.000 548.000 558.000 568.000 578.000 588.000 598.000 608.000 618.000 628.000 638.000 648.000 658.000 668.000 678.000 688.000 698.000 708.000 718.000 728.000 738.000 748.000 758.000 767.258 767.258 768.000 778.000 788.000 798.000 801.645
0.236 0.236 0.236 0.236 0.236 0.236 0.237 0.237 nan 0.000 0.265 0.266 0.267 0.268 0.269 0.271 0.272 0.273 0.274 0.275 0.277 0.278 0.280 0.281 0.283 0.285 0.288 0.291 0.294 0.298 0.303 0.309 0.317 0.327 0.341 0.341 0.331 0.217 0.123 0.034 0.000
HCP_A3
300.000 304.000 314.000 324.000 334.000 344.000 354.000 356.000 nan 356.000 358.000 368.000 378.000 388.000 398.000 408.000 418.000 428.000 438.000 448.000 458.000 468.000 478.000 488.000 498.000 508.000 518.000 528.000 532.972 532.972 535.437 538.000 548.000 558.000 568.000 578.000 588.000 598.000 608.000 618.000 628.000 638.000 648.000 658.000 668.000 678.000 688.000 698.000 708.000 718.000 728.000 738.000 748.000 758.000 767.258 767.258 768.000 778.000 788.000 798.000 801.645 802.000 804.000 806.000 806.901 806.901
0.374 0.374 0.374 0.373 0.373 0.373 0.373 0.373 nan 0.488 0.373 0.373 0.372 0.372 0.372 0.372 0.371 0.371 0.370 0.370 0.369 0.369 0.368 0.368 0.367 0.366 0.365 0.365 0.364 0.364 0.339 0.339 0.337 0.335 0.334 0.332 0.331 0.329 0.328 0.326 0.325 0.323 0.322 0.320 0.318 0.316 0.314 0.311 0.309 0.305 0.302 0.298 0.292 0.285 0.276 0.276 0.272 0.216 0.151 0.074 0.043 0.040 0.024 0.007 0.000 0.000
BCC_B2
356.000 358.000 368.000 378.000 388.000 398.000 408.000 418.000 428.000 438.000 448.000 458.000 468.000 478.000 488.000 498.000 508.000 518.000 528.000 532.972 532.972 535.437 nan 767.258 768.000 778.000 788.000 798.000 801.645 802.000 804.000 806.000 806.901 806.901 810.000 820.000 830.000 840.000 850.000 860.000 870.000 880.000 890.000 900.000 910.000 920.000 930.000 940.000 950.000 960.000 970.000 980.000 990.000 1000.000 1010.000 1020.000 1030.000 1038.898 1038.898 1040.000 1050.000 1060.000 1070.000 1080.000 1090.000 1100.000 1110.000 1120.000 1130.000 1140.000 1150.000 1160.000 1170.000 1180.000 1190.000 1200.000 1210.000 1220.000 1230.000 1240.000 1250.000 1260.000 1270.000 1280.000 1290.000 1300.000 1310.000 1320.000 1330.000 1340.000 1350.000 1360.000 1370.000 1380.000 1390.000 1400.000
0.000 0.000 0.237 0.237 0.237 0.237 0.237 0.237 0.237 0.237 0.237 0.238 0.238 0.238 0.238 0.239 0.239 0.239 0.240 0.240 0.240 0.000 nan 0.000 0.016 0.217 0.408 0.605 0.681 0.685 0.708 0.732 0.743 0.743 0.745 0.754 0.762 0.771 0.780 0.789 0.799 0.809 0.819 0.829 0.840 0.851 0.862 0.873 0.885 0.897 0.909 0.921 0.934 0.947 0.960 0.974 0.987 1.000 1.000 1.000 1.000 1.000 1.000 1.000 1.000 1.000 1.000 1.000 1.000 1.000 1.000 1.000 1.000 1.000 1.000 1.000 1.000 1.000 1.000 1.000 1.000 1.000 1.000 1.000 1.000 1.000 1.000 1.000 1.000 1.000 1.000 1.000 1.000 1.000 1.000 1.000
