22 23 73 24
0.472 0.347 0.069 0.111
C15_LAVES
300.000 306.000 316.000 326.000 336.000 346.000 356.000 366.000 376.000 386.000 396.000 406.000 416.000 426.000 436.000 446.000 456.000 466.000 476.000 486.000 496.000 506.000 516.000 526.000 536.000 541.606 541.606 545.257 546.000 556.000 566.000 576.000 586.000 596.000 606.000 616.000 626.000 636.000 646.000 656.000 666.000 676.000 678.000 680.000 690.000 700.000 710.000 720.000 730.000 740.000 750.000 757.619 757.619 760.000 770.000 780.000 790.000 799.486 800.000 802.293 804.000 806.000 808.000 810.000 812.000 814.000 816.000 818.000 820.000 822.000 824.000 826.000 828.000 830.000 832.000 834.000 836.000 838.000 840.000 850.000 850.000 860.000 870.000 880.000 890.000 900.000 910.000 920.000 930.000 940.000 950.000 960.000 961.801
0.334 0.334 0.334 0.334 0.335 0.335 0.335 0.335 0.335 0.335 0.335 0.335 0.335 0.336 0.336 0.336 0.336 0.336 0.337 0.337 0.337 0.337 0.338 0.338 0.338 0.338 0.338 0.338 0.338 0.338 0.338 0.338 0.338 0.338 0.338 0.338 0.337 0.337 0.337 0.336 0.336 0.335 0.335 0.516 0.333 0.332 0.330 0.328 0.325 0.321 0.316 0.310 0.310 0.304 0.274 0.241 0.209 0.181 0.181 0.181 0.179 0.178 0.176 0.174 0.172 0.170 0.168 0.166 0.164 0.163 0.161 0.159 0.157 0.155 0.153 0.151 0.149 0.147 0.403 0.135 0.135 0.124 0.113 0.102 0.091 0.079 0.067 0.055 0.042 0.029 0.016 0.002 0.000
BCC_B2
300.000 306.000 316.000 326.000 336.000 346.000 356.000 366.000 376.000 386.000 396.000 406.000 416.000 426.000 436.000 446.000 456.000 466.000 476.000 486.000 496.000 506.000 516.000 526.000 536.000 541.606 541.606 545.257 nan 757.619 760.000 770.000 780.000 790.000 799.486 800.000 802.293 804.000 806.000 808.000 810.000 812.000 814.000 816.000 818.000 820.000 822.000 824.000 826.000 828.000 830.000 832.000 834.000 836.000 838.000 840.000 850.000 850.000 860.000 870.000 880.000 890.000 900.000 910.000 920.000 930.000 940.000 950.000 960.000 961.801 961.801 970.000 980.000 990.000 1000.000 1010.000 1020.000 1030.000 1040.000 1050.000 1060.000 1070.000 1080.000 1090.000 1100.000 1110.000 1120.000 1130.000 1140.000 1150.000 1160.000 1170.000 1180.000 1190.000 1200.000 1210.000 1220.000 1230.000 1240.000 1250.000 1260.000 1270.000 1280.000 1290.000 1300.000 1310.000 1320.000 1330.000 1340.000 1350.000 1360.000 1370.000 1380.000 1390.000 1400.000
0.280 0.280 0.280 0.281 0.281 0.281 0.281 0.281 0.281 0.281 0.282 0.282 0.282 0.282 0.283 0.283 0.283 0.284 0.284 0.285 0.285 0.286 0.287 0.288 0.288 0.289 0.289 0.000 nan 0.000 0.055 0.256 0.437 0.618 0.801 0.804 0.819 0.821 0.822 0.824 0.826 0.828 0.830 0.832 0.834 0.836 0.837 0.839 0.841 0.843 0.845 0.847 0.849 0.851 0.853 0.597 0.865 0.865 0.876 0.887 0.898 0.909 0.921 0.933 0.945 0.958 0.971 0.984 0.998 1.000 1.000 1.000 1.000 1.000 1.000 1.000 1.000 1.000 1.000 1.000 1.000 1.000 1.000 1.000 1.000 1.000 1.000 1.000 1.000 1.000 1.000 1.000 1.000 1.000 1.000 1.000 1.000 1.000 1.000 1.000 1.000 1.000 1.000 1.000 1.000 1.000 1.000 1.000 1.000 1.000 1.000 1.000 1.000 1.000 1.000
HCP_A3
300.000 306.000 316.000 326.000 336.000 346.000 356.000 366.000 376.000 386.000 396.000 406.000 416.000 426.000 436.000 446.000 456.000 466.000 476.000 486.000 496.000 506.000 516.000 526.000 536.000 541.606 541.606 545.257 546.000 556.000 566.000 576.000 586.000 596.000 606.000 616.000 626.000 636.000 646.000 656.000 666.000 676.000 678.000 680.000 690.000 700.000 710.000 720.000 730.000 740.000 750.000 757.619 757.619 760.000 770.000 780.000 790.000 799.486
0.385 0.385 0.385 0.385 0.385 0.385 0.384 0.384 0.384 0.384 0.383 0.383 0.382 0.382 0.382 0.381 0.380 0.380 0.379 0.378 0.377 0.377 0.376 0.375 0.373 0.373 0.373 0.348 0.348 0.345 0.343 0.341 0.339 0.337 0.335 0.332 0.330 0.328 0.326 0.323 0.321 0.318 0.317 0.484 0.314 0.310 0.306 0.301 0.296 0.289 0.280 0.270 0.270 0.259 0.208 0.147 0.077 0.000
BCC_B2#2
541.606 545.257 546.000 556.000 566.000 576.000 586.000 596.000 606.000 616.000 626.000 636.000 646.000 656.000 666.000 676.000 678.000 680.000 690.000 700.000 710.000 720.000 730.000 740.000 750.000 757.619 757.619 760.000 770.000 780.000 790.000 799.486 800.000 802.293
0.000 0.314 0.314 0.317 0.319 0.321 0.323 0.325 0.328 0.330 0.332 0.335 0.337 0.340 0.344 0.347 0.348 0.000 0.353 0.358 0.364 0.371 0.379 0.390 0.405 0.420 0.420 0.382 0.262 0.175 0.096 0.017 0.014 0.000
