22 23 73 24
0.472 0.306 0.097 0.125
C15_LAVES
300.000 307.200 317.200 327.200 337.200 347.200 357.200 367.200 377.200 387.200 397.200 407.200 417.200 427.200 437.200 447.200 457.200 467.200 477.200 487.200 497.200 507.200 517.200 527.200 534.930 534.930 537.088 537.200 547.200 549.200 549.200 551.200 553.200 555.200 557.200 559.200 561.200 563.200 565.200 567.200 569.200 571.200 573.200 575.200 577.200 579.200 581.200 583.200 585.200 587.200 587.200 597.200 607.200 617.200 627.200 637.200 647.200 657.200 667.200 677.200 687.200 697.200 707.200 717.200 727.200 737.200 747.200 757.200 763.473 763.473 767.200 777.200 787.200 789.899 791.200 793.200 795.200 797.200 799.200 801.200 803.200 805.200 805.600 805.600 nan 805.600 806.000 806.425 806.425 810.000 820.000 830.000 840.000 850.000 860.000 870.000 880.000 890.000 900.000 910.000 920.000 930.000 940.000 950.000 960.000 970.000 980.000 990.000 1000.000 1010.000 1020.000 1030.000 1040.000 1050.000 1060.000 1070.000 1072.962
0.442 0.443 0.443 0.443 0.443 0.443 0.443 0.443 0.443 0.444 0.444 0.444 0.444 0.445 0.445 0.445 0.446 0.446 0.447 0.447 0.448 0.448 0.449 0.449 0.450 0.450 0.449 0.449 0.450 0.450 0.450 0.450 0.450 0.450 0.450 0.450 0.451 0.451 0.451 0.451 0.451 0.451 0.451 0.451 0.451 0.451 0.452 0.452 0.452 0.452 0.452 0.452 0.453 0.453 0.454 0.454 0.455 0.455 0.455 0.455 0.455 0.455 0.455 0.455 0.454 0.453 0.451 0.448 0.445 0.445 0.435 0.403 0.371 0.363 0.358 0.350 0.343 0.335 0.328 0.320 0.313 0.305 0.304 0.304 nan 0.980 0.909 0.300 0.300 0.298 0.289 0.280 0.271 0.262 0.253 0.243 0.234 0.224 0.214 0.203 0.192 0.182 0.170 0.159 0.148 0.136 0.124 0.111 0.099 0.086 0.073 0.060 0.046 0.033 0.019 0.004 0.000
BCC_B2#2
300.000 307.200 317.200 327.200 337.200 347.200 357.200 367.200 377.200 387.200 397.200 407.200 417.200 427.200 437.200 447.200 457.200 467.200 477.200 487.200 497.200 507.200 517.200 527.200 534.930 534.930 537.088 nan 763.473 767.200 777.200 787.200 789.899 791.200 793.200 795.200 797.200 799.200 801.200 803.200 805.200 805.600 805.600
0.195 0.195 0.195 0.195 0.195 0.195 0.195 0.195 0.195 0.195 0.195 0.195 0.195 0.195 0.195 0.195 0.195 0.195 0.196 0.196 0.196 0.196 0.196 0.196 0.196 0.196 0.000 nan 0.000 0.080 0.278 0.467 0.519 0.533 0.554 0.575 0.597 0.619 0.641 0.663 0.686 0.690 0.690
HCP_A3
300.000 307.200 317.200 327.200 337.200 347.200 357.200 367.200 377.200 387.200 397.200 407.200 417.200 427.200 437.200 447.200 457.200 467.200 477.200 487.200 497.200 507.200 517.200 527.200 534.930 534.930 537.088 537.200 547.200 549.200 549.200 551.200 553.200 555.200 557.200 559.200 561.200 563.200 565.200 567.200 569.200 571.200 573.200 575.200 577.200 579.200 581.200 583.200 585.200 587.200 587.200 597.200 607.200 617.200 627.200 637.200 647.200 657.200 667.200 677.200 687.200 697.200 707.200 717.200 727.200 737.200 747.200 757.200 763.473 763.473 767.200 777.200 787.200 789.899 791.200 793.200 795.200 797.200 799.200 801.200 803.200 805.200 805.600 805.600 nan 805.600 806.000 806.425 806.425
0.363 0.363 0.363 0.363 0.362 0.362 0.362 0.362 0.362 0.361 0.361 0.361 0.361 0.360 0.360 0.359 0.359 0.358 0.358 0.357 0.357 0.356 0.355 0.354 0.354 0.354 0.334 0.334 0.333 0.332 0.332 0.332 0.332 0.331 0.331 0.331 0.330 0.330 0.330 0.330 0.329 0.329 0.329 0.329 0.328 0.328 0.328 0.328 0.327 0.327 0.327 0.326 0.324 0.323 0.322 0.320 0.319 0.317 0.316 0.314 0.312 0.310 0.308 0.305 0.302 0.298 0.293 0.287 0.281 0.281 0.263 0.206 0.138 0.118 0.109 0.096 0.082 0.068 0.054 0.039 0.024 0.009 0.006 0.006 nan 0.020 0.091 0.000 0.000
BCC_B2
534.930 537.088 537.200 547.200 549.200 549.200 551.200 553.200 555.200 557.200 559.200 561.200 563.200 565.200 567.200 569.200 571.200 573.200 575.200 577.200 579.200 581.200 583.200 585.200 587.200 587.200 597.200 607.200 617.200 627.200 637.200 647.200 657.200 667.200 677.200 687.200 697.200 707.200 717.200 727.200 737.200 747.200 757.200 763.473 763.473 767.200 777.200 787.200 789.899 nan 805.600 806.000 806.425 806.425 810.000 820.000 830.000 840.000 850.000 860.000 870.000 880.000 890.000 900.000 910.000 920.000 930.000 940.000 950.000 960.000 970.000 980.000 990.000 1000.000 1010.000 1020.000 1030.000 1040.000 1050.000 1060.000 1070.000 1072.962 1072.962 1080.000 1090.000 1100.000 1110.000 1120.000 1130.000 1140.000 1150.000 1160.000 1170.000 1180.000 1190.000 1200.000 1210.000 1220.000 1230.000 1240.000 1250.000 1260.000 1270.000 1280.000 1290.000 1300.000 1310.000 1320.000 1330.000 1340.000 1350.000 1360.000 1370.000 1380.000 1390.000 1400.000
0.000 0.217 0.217 0.218 0.218 0.218 0.218 0.218 0.218 0.219 0.219 0.219 0.219 0.219 0.220 0.220 0.220 0.220 0.220 0.220 0.221 0.221 0.221 0.221 0.221 0.221 0.222 0.223 0.224 0.224 0.225 0.226 0.228 0.229 0.231 0.232 0.235 0.237 0.240 0.244 0.249 0.255 0.265 0.273 0.273 0.222 0.114 0.023 0.000 nan 0.000 0.000 0.700 0.700 0.702 0.711 0.720 0.729 0.738 0.747 0.757 0.766 0.776 0.786 0.797 0.808 0.818 0.830 0.841 0.852 0.864 0.876 0.889 0.901 0.914 0.927 0.940 0.954 0.967 0.981 0.996 1.000 1.000 1.000 1.000 1.000 1.000 1.000 1.000 1.000 1.000 1.000 1.000 1.000 1.000 1.000 1.000 1.000 1.000 1.000 1.000 1.000 1.000 1.000 1.000 1.000 1.000 1.000 1.000 1.000 1.000 1.000 1.000 1.000 1.000 1.000
