22 23 73 24
0.486 0.292 0.097 0.125
C15_LAVES
300.000 304.000 314.000 324.000 334.000 344.000 354.000 356.000 nan 356.000 358.000 368.000 378.000 388.000 398.000 408.000 418.000 428.000 438.000 448.000 458.000 468.000 478.000 488.000 498.000 508.000 518.000 528.000 533.010 533.010 534.929 538.000 548.000 558.000 568.000 578.000 588.000 598.000 608.000 618.000 628.000 638.000 648.000 658.000 668.000 678.000 688.000 698.000 708.000 718.000 728.000 738.000 748.000 758.000 765.902 765.902 768.000 778.000 788.000 790.915 792.000 794.000 796.000 798.000 800.000 802.000 804.000 806.000 808.000 810.000 811.410 811.410 820.000 830.000 840.000 850.000 860.000 870.000 880.000 890.000 900.000 910.000 920.000 930.000 940.000 950.000 960.000 970.000 980.000 990.000 1000.000 1010.000 1020.000 1030.000 1040.000 1050.000 1060.000 1070.000 1078.681
0.443 0.443 0.443 0.443 0.443 0.443 0.443 0.443 nan 0.543 0.626 0.444 0.444 0.444 0.444 0.444 0.445 0.445 0.445 0.446 0.446 0.447 0.447 0.448 0.448 0.449 0.449 0.450 0.450 0.450 0.450 0.450 0.450 0.451 0.452 0.452 0.453 0.453 0.454 0.454 0.455 0.455 0.456 0.456 0.456 0.457 0.457 0.457 0.457 0.457 0.456 0.455 0.454 0.452 0.448 0.448 0.443 0.412 0.380 0.372 0.368 0.361 0.353 0.346 0.339 0.332 0.324 0.317 0.309 0.302 0.297 0.297 0.289 0.281 0.272 0.263 0.254 0.244 0.235 0.225 0.215 0.205 0.194 0.184 0.173 0.162 0.151 0.139 0.127 0.115 0.103 0.091 0.078 0.066 0.053 0.039 0.026 0.012 0.000
BCC_B2#2
300.000 304.000 314.000 324.000 334.000 344.000 354.000 356.000 nan 533.010 534.929 538.000 548.000 558.000 568.000 578.000 588.000 598.000 608.000 618.000 628.000 638.000 648.000 658.000 668.000 678.000 688.000 698.000 708.000 718.000 728.000 738.000 748.000 758.000 765.902 765.902 768.000 778.000 788.000 790.915
0.183 0.183 0.183 0.183 0.183 0.183 0.183 0.183 nan 0.000 0.204 0.204 0.205 0.206 0.206 0.207 0.208 0.208 0.209 0.210 0.210 0.211 0.212 0.213 0.214 0.215 0.217 0.219 0.221 0.223 0.227 0.231 0.237 0.244 0.254 0.254 0.226 0.116 0.025 0.000
HCP_A3
300.000 304.000 314.000 324.000 334.000 344.000 354.000 356.000 nan 356.000 358.000 368.000 378.000 388.000 398.000 408.000 418.000 428.000 438.000 448.000 458.000 468.000 478.000 488.000 498.000 508.000 518.000 528.000 533.010 533.010 534.929 538.000 548.000 558.000 568.000 578.000 588.000 598.000 608.000 618.000 628.000 638.000 648.000 658.000 668.000 678.000 688.000 698.000 708.000 718.000 728.000 738.000 748.000 758.000 765.902 765.902 768.000 778.000 788.000 790.915 792.000 794.000 796.000 798.000 800.000 802.000 804.000 806.000 808.000 810.000 811.410 811.410
0.374 0.374 0.374 0.374 0.373 0.373 0.373 0.373 nan 0.457 0.374 0.373 0.373 0.373 0.372 0.372 0.372 0.371 0.371 0.371 0.370 0.370 0.369 0.369 0.368 0.367 0.367 0.366 0.366 0.366 0.346 0.346 0.345 0.343 0.342 0.341 0.340 0.339 0.337 0.336 0.335 0.334 0.332 0.331 0.330 0.328 0.326 0.324 0.322 0.320 0.317 0.314 0.310 0.304 0.298 0.298 0.287 0.231 0.165 0.144 0.137 0.124 0.110 0.097 0.083 0.069 0.055 0.041 0.026 0.011 0.000 0.000
BCC_B2
356.000 358.000 368.000 378.000 388.000 398.000 408.000 418.000 428.000 438.000 448.000 458.000 468.000 478.000 488.000 498.000 508.000 518.000 528.000 533.010 533.010 534.929 nan 765.902 768.000 778.000 788.000 790.915 792.000 794.000 796.000 798.000 800.000 802.000 804.000 806.000 808.000 810.000 811.410 811.410 820.000 830.000 840.000 850.000 860.000 870.000 880.000 890.000 900.000 910.000 920.000 930.000 940.000 950.000 960.000 970.000 980.000 990.000 1000.000 1010.000 1020.000 1030.000 1040.000 1050.000 1060.000 1070.000 1078.681 1078.681 1080.000 1090.000 1100.000 1110.000 1120.000 1130.000 1140.000 1150.000 1160.000 1170.000 1180.000 1190.000 1200.000 1210.000 1220.000 1230.000 1240.000 1250.000 1260.000 1270.000 1280.000 1290.000 1300.000 1310.000 1320.000 1330.000 1340.000 1350.000 1360.000 1370.000 1380.000 1390.000 1400.000
0.000 0.000 0.184 0.184 0.184 0.184 0.184 0.184 0.184 0.184 0.184 0.184 0.184 0.184 0.184 0.184 0.184 0.184 0.184 0.184 0.184 0.000 nan 0.000 0.044 0.241 0.429 0.484 0.495 0.516 0.536 0.557 0.578 0.599 0.621 0.643 0.665 0.687 0.703 0.703 0.711 0.719 0.728 0.737 0.746 0.756 0.765 0.775 0.785 0.795 0.806 0.816 0.827 0.838 0.849 0.861 0.873 0.885 0.897 0.909 0.922 0.934 0.947 0.961 0.974 0.988 1.000 1.000 1.000 1.000 1.000 1.000 1.000 1.000 1.000 1.000 1.000 1.000 1.000 1.000 1.000 1.000 1.000 1.000 1.000 1.000 1.000 1.000 1.000 1.000 1.000 1.000 1.000 1.000 1.000 1.000 1.000 1.000 1.000 1.000 1.000
