22 23 73 24
0.486 0.292 0.111 0.111
C15_LAVES
300.000 308.000 318.000 328.000 338.000 348.000 358.000 368.000 378.000 388.000 398.000 408.000 418.000 428.000 438.000 448.000 458.000 468.000 478.000 488.000 498.000 508.000 518.000 528.000 538.000 544.442 544.442 546.410 548.000 558.000 568.000 578.000 588.000 598.000 608.000 618.000 628.000 638.000 648.000 658.000 668.000 670.000 672.000 682.000 692.000 702.000 712.000 722.000 732.000 742.000 750.492 750.492 752.000 762.000 765.232 766.000 768.000 770.000 770.000 772.000 774.000 776.000 778.000 780.000 790.000 800.000 804.382 810.000 820.000 830.000 840.000 850.000 860.000 870.000 880.000 890.000 900.000 910.000 920.000 930.000 940.000 950.000 960.000 970.000 980.000 990.000 1000.000 1010.000 1020.000 1030.000 1040.000 1050.000 1060.000 1070.000 1070.560
0.492 0.492 0.492 0.492 0.492 0.493 0.493 0.493 0.493 0.493 0.493 0.494 0.494 0.494 0.495 0.495 0.495 0.496 0.496 0.497 0.497 0.498 0.499 0.499 0.500 0.500 0.500 0.500 0.500 0.501 0.501 0.502 0.503 0.503 0.504 0.504 0.505 0.506 0.506 0.507 0.507 0.507 0.592 0.508 0.508 0.508 0.508 0.507 0.507 0.505 0.502 0.502 0.499 0.473 0.463 0.460 0.453 0.446 0.446 0.439 0.431 0.423 0.415 0.408 0.367 0.325 0.307 0.302 0.293 0.283 0.273 0.263 0.253 0.243 0.233 0.222 0.212 0.201 0.190 0.179 0.167 0.155 0.144 0.132 0.120 0.107 0.095 0.082 0.069 0.056 0.042 0.029 0.015 0.001 0.000
BCC_B2
300.000 308.000 318.000 328.000 338.000 348.000 358.000 368.000 378.000 388.000 398.000 408.000 418.000 428.000 438.000 448.000 458.000 468.000 478.000 488.000 498.000 508.000 518.000 528.000 538.000 544.442 544.442 546.410 nan 750.492 752.000 762.000 765.232 766.000 768.000 770.000 770.000 772.000 774.000 776.000 778.000 780.000 790.000 800.000 804.382 810.000 820.000 830.000 840.000 850.000 860.000 870.000 880.000 890.000 900.000 910.000 920.000 930.000 940.000 950.000 960.000 970.000 980.000 990.000 1000.000 1010.000 1020.000 1030.000 1040.000 1050.000 1060.000 1070.000 1070.560 1070.560 1080.000 1090.000 1100.000 1110.000 1120.000 1130.000 1140.000 1150.000 1160.000 1170.000 1180.000 1190.000 1200.000 1210.000 1220.000 1230.000 1240.000 1250.000 1260.000 1270.000 1280.000 1290.000 1300.000 1310.000 1320.000 1330.000 1340.000 1350.000 1360.000 1370.000 1380.000 1390.000 1400.000
0.145 0.145 0.145 0.145 0.145 0.145 0.145 0.145 0.145 0.145 0.145 0.145 0.145 0.145 0.145 0.145 0.145 0.145 0.145 0.145 0.145 0.145 0.145 0.145 0.145 0.145 0.145 0.000 nan 0.000 0.037 0.243 0.302 0.309 0.326 0.343 0.343 0.361 0.380 0.399 0.418 0.437 0.537 0.644 0.693 0.698 0.707 0.717 0.727 0.737 0.747 0.757 0.767 0.778 0.788 0.799 0.810 0.821 0.833 0.845 0.856 0.868 0.880 0.893 0.905 0.918 0.931 0.944 0.958 0.971 0.985 0.999 1.000 1.000 1.000 1.000 1.000 1.000 1.000 1.000 1.000 1.000 1.000 1.000 1.000 1.000 1.000 1.000 1.000 1.000 1.000 1.000 1.000 1.000 1.000 1.000 1.000 1.000 1.000 1.000 1.000 1.000 1.000 1.000 1.000 1.000 1.000
HCP_A3
300.000 308.000 318.000 328.000 338.000 348.000 358.000 368.000 378.000 388.000 398.000 408.000 418.000 428.000 438.000 448.000 458.000 468.000 478.000 488.000 498.000 508.000 518.000 528.000 538.000 544.442 544.442 546.410 548.000 558.000 568.000 578.000 588.000 598.000 608.000 618.000 628.000 638.000 648.000 658.000 668.000 670.000 672.000 682.000 692.000 702.000 712.000 722.000 732.000 742.000 750.492 750.492 752.000 762.000 765.232 766.000 768.000 770.000 770.000 772.000 774.000 776.000 778.000 780.000 790.000 800.000 804.382
0.363 0.363 0.363 0.363 0.363 0.363 0.363 0.362 0.362 0.362 0.362 0.362 0.361 0.361 0.361 0.360 0.360 0.359 0.359 0.358 0.358 0.357 0.357 0.356 0.355 0.355 0.355 0.343 0.343 0.341 0.340 0.338 0.337 0.336 0.335 0.334 0.332 0.331 0.330 0.328 0.327 0.327 0.408 0.325 0.323 0.321 0.319 0.316 0.312 0.308 0.302 0.302 0.296 0.252 0.235 0.231 0.221 0.210 0.210 0.200 0.189 0.178 0.167 0.155 0.096 0.031 0.000
BCC_B2#2
544.442 546.410 548.000 558.000 568.000 578.000 588.000 598.000 608.000 618.000 628.000 638.000 648.000 658.000 668.000 670.000 672.000 682.000 692.000 702.000 712.000 722.000 732.000 742.000 750.492 750.492 752.000 762.000 765.232
0.000 0.157 0.157 0.158 0.159 0.160 0.160 0.161 0.161 0.162 0.163 0.163 0.164 0.165 0.166 0.166 0.000 0.168 0.169 0.171 0.174 0.177 0.181 0.187 0.196 0.196 0.169 0.032 0.000
