22 23 73 24
0.486 0.292 0.083 0.139
C15_LAVES
300.000 304.000 314.000 324.000 334.000 344.000 346.000 nan 346.000 348.000 358.000 368.000 378.000 388.000 398.000 408.000 418.000 428.000 438.000 448.000 458.000 468.000 478.000 488.000 498.000 508.000 518.000 524.352 524.352 525.553 528.000 538.000 548.000 558.000 568.000 578.000 588.000 598.000 608.000 618.000 628.000 638.000 648.000 658.000 668.000 678.000 688.000 698.000 708.000 718.000 728.000 738.000 748.000 758.000 768.000 778.000 780.913 780.913 788.000 798.000 808.000 811.917 812.000 814.000 816.000 818.000 818.827 818.827 820.000 830.000 840.000 850.000 860.000 870.000 880.000 890.000 900.000 910.000 920.000 930.000 940.000 950.000 960.000 970.000 980.000 990.000 1000.000 1010.000 1020.000 1030.000 1040.000 1050.000 1060.000 1070.000 1080.000 1080.285
0.391 0.391 0.391 0.391 0.391 0.391 0.391 nan 0.504 0.616 0.391 0.391 0.392 0.392 0.392 0.392 0.393 0.393 0.393 0.394 0.394 0.394 0.395 0.395 0.396 0.396 0.397 0.397 0.397 0.397 0.397 0.397 0.398 0.398 0.399 0.399 0.400 0.400 0.401 0.401 0.402 0.402 0.402 0.403 0.403 0.403 0.403 0.404 0.403 0.403 0.403 0.402 0.401 0.400 0.398 0.394 0.393 0.393 0.371 0.340 0.311 0.301 0.300 0.294 0.287 0.280 0.277 0.277 0.276 0.268 0.260 0.252 0.244 0.235 0.226 0.217 0.208 0.198 0.188 0.178 0.168 0.158 0.147 0.136 0.125 0.114 0.102 0.090 0.078 0.066 0.053 0.040 0.027 0.014 0.000 0.000
BCC_B2#2
300.000 304.000 314.000 324.000 334.000 344.000 346.000 nan 524.352 525.553 528.000 538.000 548.000 558.000 568.000 578.000 588.000 598.000 608.000 618.000 628.000 638.000 648.000 658.000 668.000 678.000 688.000 698.000 708.000 718.000 728.000 738.000 748.000 758.000 768.000 778.000 780.913 780.913 788.000 798.000 808.000 811.917
0.224 0.224 0.224 0.225 0.225 0.225 0.225 nan 0.000 0.254 0.254 0.255 0.255 0.256 0.257 0.257 0.258 0.258 0.259 0.260 0.260 0.261 0.262 0.263 0.264 0.266 0.267 0.269 0.271 0.274 0.277 0.280 0.285 0.291 0.298 0.309 0.313 0.313 0.238 0.140 0.041 0.000
HCP_A3
300.000 304.000 314.000 324.000 334.000 344.000 346.000 nan 346.000 348.000 358.000 368.000 378.000 388.000 398.000 408.000 418.000 428.000 438.000 448.000 458.000 468.000 478.000 488.000 498.000 508.000 518.000 524.352 524.352 525.553 528.000 538.000 548.000 558.000 568.000 578.000 588.000 598.000 608.000 618.000 628.000 638.000 648.000 658.000 668.000 678.000 688.000 698.000 708.000 718.000 728.000 738.000 748.000 758.000 768.000 778.000 780.913 780.913 788.000 798.000 808.000 811.917 812.000 814.000 816.000 818.000 818.827 818.827
0.385 0.385 0.385 0.385 0.385 0.385 0.384 nan 0.496 0.384 0.384 0.384 0.384 0.384 0.383 0.383 0.383 0.382 0.382 0.382 0.381 0.381 0.380 0.380 0.379 0.378 0.378 0.377 0.377 0.349 0.349 0.348 0.347 0.346 0.345 0.343 0.342 0.341 0.340 0.339 0.338 0.337 0.335 0.334 0.333 0.331 0.329 0.328 0.325 0.323 0.321 0.318 0.314 0.310 0.304 0.297 0.294 0.294 0.251 0.180 0.096 0.059 0.058 0.042 0.025 0.007 0.000 0.000
BCC_B2
346.000 348.000 358.000 368.000 378.000 388.000 398.000 408.000 418.000 428.000 438.000 448.000 458.000 468.000 478.000 488.000 498.000 508.000 518.000 524.352 524.352 525.553 nan 780.913 788.000 798.000 808.000 811.917 812.000 814.000 816.000 818.000 818.827 818.827 820.000 830.000 840.000 850.000 860.000 870.000 880.000 890.000 900.000 910.000 920.000 930.000 940.000 950.000 960.000 970.000 980.000 990.000 1000.000 1010.000 1020.000 1030.000 1040.000 1050.000 1060.000 1070.000 1080.000 1080.285 1080.285 1090.000 1100.000 1110.000 1120.000 1130.000 1140.000 1150.000 1160.000 1170.000 1180.000 1190.000 1200.000 1210.000 1220.000 1230.000 1240.000 1250.000 1260.000 1270.000 1280.000 1290.000 1300.000 1310.000 1320.000 1330.000 1340.000 1350.000 1360.000 1370.000 1380.000 1390.000 1400.000
0.000 0.000 0.225 0.225 0.225 0.225 0.225 0.225 0.225 0.225 0.225 0.225 0.225 0.225 0.225 0.225 0.225 0.225 0.225 0.226 0.226 0.000 nan 0.000 0.141 0.340 0.551 0.640 0.641 0.665 0.689 0.713 0.723 0.723 0.724 0.732 0.740 0.748 0.756 0.765 0.774 0.783 0.792 0.802 0.812 0.822 0.832 0.842 0.853 0.864 0.875 0.886 0.898 0.910 0.922 0.934 0.947 0.960 0.973 0.986 1.000 1.000 1.000 1.000 1.000 1.000 1.000 1.000 1.000 1.000 1.000 1.000 1.000 1.000 1.000 1.000 1.000 1.000 1.000 1.000 1.000 1.000 1.000 1.000 1.000 1.000 1.000 1.000 1.000 1.000 1.000 1.000 1.000 1.000 1.000
