22 23 73 24
0.486 0.319 0.083 0.111
C15_LAVES
300.000 304.000 314.000 324.000 334.000 344.000 354.000 364.000 374.000 384.000 394.000 404.000 414.000 424.000 434.000 444.000 454.000 464.000 474.000 484.000 494.000 504.000 514.000 524.000 534.000 540.837 540.837 543.791 544.000 554.000 564.000 574.000 584.000 594.000 604.000 614.000 624.000 634.000 644.000 654.000 664.000 674.000 676.000 678.000 688.000 698.000 708.000 718.000 728.000 738.000 748.000 757.152 757.152 758.000 768.000 778.000 788.000 790.438 792.000 794.000 796.000 798.000 800.000 802.000 803.187 803.187 810.000 820.000 830.000 840.000 850.000 860.000 870.000 880.000 890.000 900.000 910.000 920.000 930.000 940.000 950.000 960.000 970.000 980.000 990.000 1000.000 1005.836
0.390 0.390 0.390 0.390 0.391 0.391 0.391 0.391 0.391 0.391 0.391 0.391 0.392 0.392 0.392 0.392 0.393 0.393 0.393 0.394 0.394 0.394 0.395 0.395 0.396 0.396 0.396 0.395 0.395 0.396 0.396 0.396 0.397 0.397 0.397 0.397 0.397 0.397 0.397 0.397 0.397 0.397 0.397 0.538 0.396 0.395 0.394 0.393 0.391 0.389 0.385 0.380 0.380 0.378 0.350 0.318 0.286 0.279 0.273 0.265 0.258 0.251 0.243 0.236 0.231 0.231 0.225 0.216 0.206 0.197 0.187 0.176 0.166 0.155 0.145 0.133 0.122 0.110 0.098 0.086 0.074 0.061 0.048 0.035 0.022 0.008 0.000
BCC_B2
300.000 304.000 314.000 324.000 334.000 344.000 354.000 364.000 374.000 384.000 394.000 404.000 414.000 424.000 434.000 444.000 454.000 464.000 474.000 484.000 494.000 504.000 514.000 524.000 534.000 540.837 540.837 543.791 nan 757.152 758.000 768.000 778.000 788.000 790.438 792.000 794.000 796.000 798.000 800.000 802.000 803.187 803.187 810.000 820.000 830.000 840.000 850.000 860.000 870.000 880.000 890.000 900.000 910.000 920.000 930.000 940.000 950.000 960.000 970.000 980.000 990.000 1000.000 1005.836 1005.836 1010.000 1020.000 1030.000 1040.000 1050.000 1060.000 1070.000 1080.000 1090.000 1100.000 1110.000 1120.000 1130.000 1140.000 1150.000 1160.000 1170.000 1180.000 1190.000 1200.000 1210.000 1220.000 1230.000 1240.000 1250.000 1260.000 1270.000 1280.000 1290.000 1300.000 1310.000 1320.000 1330.000 1340.000 1350.000 1360.000 1370.000 1380.000 1390.000 1400.000
0.225 0.225 0.225 0.225 0.225 0.225 0.225 0.225 0.225 0.225 0.225 0.225 0.226 0.226 0.226 0.226 0.226 0.227 0.227 0.227 0.227 0.228 0.228 0.229 0.229 0.230 0.230 0.000 nan 0.000 0.019 0.223 0.403 0.581 0.626 0.643 0.665 0.687 0.709 0.732 0.755 0.769 0.769 0.775 0.784 0.794 0.803 0.813 0.824 0.834 0.845 0.855 0.867 0.878 0.890 0.902 0.914 0.926 0.939 0.952 0.965 0.978 0.992 1.000 1.000 1.000 1.000 1.000 1.000 1.000 1.000 1.000 1.000 1.000 1.000 1.000 1.000 1.000 1.000 1.000 1.000 1.000 1.000 1.000 1.000 1.000 1.000 1.000 1.000 1.000 1.000 1.000 1.000 1.000 1.000 1.000 1.000 1.000 1.000 1.000 1.000 1.000 1.000 1.000 1.000
HCP_A3
300.000 304.000 314.000 324.000 334.000 344.000 354.000 364.000 374.000 384.000 394.000 404.000 414.000 424.000 434.000 444.000 454.000 464.000 474.000 484.000 494.000 504.000 514.000 524.000 534.000 540.837 540.837 543.791 544.000 554.000 564.000 574.000 584.000 594.000 604.000 614.000 624.000 634.000 644.000 654.000 664.000 674.000 676.000 678.000 688.000 698.000 708.000 718.000 728.000 738.000 748.000 757.152 757.152 758.000 768.000 778.000 788.000 790.438 792.000 794.000 796.000 798.000 800.000 802.000 803.187 803.187
0.385 0.385 0.385 0.385 0.385 0.385 0.384 0.384 0.384 0.384 0.383 0.383 0.383 0.382 0.382 0.382 0.381 0.380 0.380 0.379 0.379 0.378 0.377 0.376 0.375 0.375 0.375 0.355 0.355 0.352 0.350 0.349 0.347 0.345 0.344 0.342 0.340 0.339 0.337 0.335 0.333 0.331 0.330 0.462 0.328 0.325 0.322 0.318 0.314 0.309 0.302 0.292 0.292 0.289 0.240 0.181 0.113 0.095 0.084 0.070 0.055 0.040 0.025 0.009 0.000 0.000
BCC_B2#2
540.837 543.791 544.000 554.000 564.000 574.000 584.000 594.000 604.000 614.000 624.000 634.000 644.000 654.000 664.000 674.000 676.000 678.000 688.000 698.000 708.000 718.000 728.000 738.000 748.000 757.152 757.152 758.000 768.000 778.000 788.000 790.438
0.000 0.250 0.250 0.252 0.253 0.255 0.256 0.258 0.259 0.261 0.262 0.264 0.266 0.268 0.270 0.272 0.273 0.000 0.276 0.280 0.284 0.289 0.295 0.303 0.313 0.328 0.328 0.314 0.187 0.098 0.019 0.000
