22 23 73 24
0.486 0.306 0.083 0.125
C15_LAVES
300.000 304.000 314.000 324.000 334.000 344.000 354.000 356.000 nan 356.000 358.000 368.000 378.000 388.000 398.000 408.000 418.000 428.000 438.000 448.000 458.000 468.000 478.000 488.000 498.000 508.000 518.000 528.000 531.688 531.688 533.941 538.000 548.000 558.000 568.000 578.000 588.000 598.000 608.000 618.000 628.000 638.000 648.000 658.000 668.000 678.000 688.000 698.000 708.000 718.000 728.000 738.000 748.000 758.000 768.000 768.927 768.927 778.000 788.000 798.000 801.873 802.000 804.000 806.000 808.000 810.000 810.945 810.945 820.000 830.000 840.000 850.000 860.000 870.000 880.000 890.000 900.000 910.000 920.000 930.000 940.000 950.000 960.000 970.000 980.000 990.000 1000.000 1010.000 1020.000 1030.000 1040.000 1041.671
0.390 0.390 0.391 0.391 0.391 0.391 0.391 0.391 nan 0.504 0.617 0.391 0.391 0.391 0.392 0.392 0.392 0.392 0.393 0.393 0.393 0.394 0.394 0.394 0.395 0.395 0.396 0.396 0.396 0.396 0.396 0.396 0.397 0.397 0.397 0.398 0.398 0.398 0.399 0.399 0.399 0.400 0.400 0.400 0.400 0.400 0.400 0.399 0.399 0.398 0.397 0.396 0.394 0.391 0.386 0.386 0.386 0.358 0.327 0.297 0.286 0.286 0.278 0.271 0.264 0.257 0.254 0.254 0.246 0.237 0.228 0.219 0.210 0.201 0.191 0.181 0.171 0.160 0.150 0.139 0.127 0.116 0.104 0.093 0.080 0.068 0.055 0.043 0.029 0.016 0.002 0.000
BCC_B2#2
300.000 304.000 314.000 324.000 334.000 344.000 354.000 356.000 nan 531.688 533.941 538.000 548.000 558.000 568.000 578.000 588.000 598.000 608.000 618.000 628.000 638.000 648.000 658.000 668.000 678.000 688.000 698.000 708.000 718.000 728.000 738.000 748.000 758.000 768.000 768.927 768.927 778.000 788.000 798.000 801.873
0.225 0.225 0.225 0.225 0.225 0.225 0.225 0.225 nan 0.000 0.252 0.253 0.254 0.255 0.256 0.257 0.258 0.259 0.260 0.261 0.262 0.263 0.265 0.266 0.268 0.270 0.272 0.275 0.278 0.281 0.285 0.291 0.297 0.306 0.320 0.321 0.321 0.218 0.124 0.035 0.000
HCP_A3
300.000 304.000 314.000 324.000 334.000 344.000 354.000 356.000 nan 356.000 358.000 368.000 378.000 388.000 398.000 408.000 418.000 428.000 438.000 448.000 458.000 468.000 478.000 488.000 498.000 508.000 518.000 528.000 531.688 531.688 533.941 538.000 548.000 558.000 568.000 578.000 588.000 598.000 608.000 618.000 628.000 638.000 648.000 658.000 668.000 678.000 688.000 698.000 708.000 718.000 728.000 738.000 748.000 758.000 768.000 768.927 768.927 778.000 788.000 798.000 801.873 802.000 804.000 806.000 808.000 810.000 810.945 810.945
0.385 0.385 0.385 0.385 0.385 0.385 0.384 0.384 nan 0.496 0.383 0.384 0.384 0.384 0.383 0.383 0.383 0.382 0.382 0.382 0.381 0.381 0.380 0.379 0.379 0.378 0.377 0.376 0.376 0.376 0.352 0.351 0.350 0.348 0.347 0.345 0.344 0.343 0.341 0.340 0.339 0.337 0.336 0.334 0.332 0.330 0.328 0.326 0.324 0.321 0.318 0.314 0.309 0.303 0.294 0.293 0.293 0.243 0.179 0.105 0.072 0.071 0.056 0.040 0.024 0.008 0.000 0.000
BCC_B2
356.000 358.000 368.000 378.000 388.000 398.000 408.000 418.000 428.000 438.000 448.000 458.000 468.000 478.000 488.000 498.000 508.000 518.000 528.000 531.688 531.688 533.941 nan 768.927 778.000 788.000 798.000 801.873 802.000 804.000 806.000 808.000 810.000 810.945 810.945 820.000 830.000 840.000 850.000 860.000 870.000 880.000 890.000 900.000 910.000 920.000 930.000 940.000 950.000 960.000 970.000 980.000 990.000 1000.000 1010.000 1020.000 1030.000 1040.000 1041.671 1041.671 1050.000 1060.000 1070.000 1080.000 1090.000 1100.000 1110.000 1120.000 1130.000 1140.000 1150.000 1160.000 1170.000 1180.000 1190.000 1200.000 1210.000 1220.000 1230.000 1240.000 1250.000 1260.000 1270.000 1280.000 1290.000 1300.000 1310.000 1320.000 1330.000 1340.000 1350.000 1360.000 1370.000 1380.000 1390.000 1400.000
0.000 0.000 0.225 0.225 0.225 0.225 0.225 0.225 0.225 0.225 0.226 0.226 0.226 0.226 0.226 0.226 0.227 0.227 0.227 0.227 0.227 0.000 nan 0.000 0.180 0.369 0.563 0.642 0.643 0.666 0.689 0.712 0.735 0.746 0.746 0.754 0.763 0.772 0.781 0.790 0.799 0.809 0.819 0.829 0.840 0.850 0.861 0.873 0.884 0.896 0.907 0.920 0.932 0.945 0.957 0.971 0.984 0.998 1.000 1.000 1.000 1.000 1.000 1.000 1.000 1.000 1.000 1.000 1.000 1.000 1.000 1.000 1.000 1.000 1.000 1.000 1.000 1.000 1.000 1.000 1.000 1.000 1.000 1.000 1.000 1.000 1.000 1.000 1.000 1.000 1.000 1.000 1.000 1.000 1.000 1.000
