22 23 73 24
0.486 0.361 0.014 0.139
C15_LAVES
220.000 230.000 240.000 250.000 260.000 270.000 280.000 290.000 291.200 299.600 302.000 304.000 306.000 308.000 310.000 312.000 314.000 316.000 318.000 320.000 322.000 324.000 326.000 328.000 330.000 332.000 334.000 336.000 338.000 340.000 350.000 360.000 370.000 380.000 390.000 400.000 410.000 420.000 430.000 440.000 450.000 460.000 470.000 480.000 490.000 500.000 510.000 519.889 519.889 520.000 520.476 530.000 540.000 550.000 560.000 570.000 580.000 590.000 600.000 610.000 620.000 630.000 640.000 650.000 660.000 670.000 680.000 690.000 700.000 710.000 720.000 730.000 740.000 750.000 760.000 770.000 780.000 790.000 800.000 801.238 801.238 807.341
0.078 0.078 0.078 0.078 0.078 0.078 0.078 0.078 0.078 0.078 0.078 0.078 0.078 0.078 0.078 0.078 0.078 0.078 0.078 0.078 0.078 0.078 0.078 0.078 0.078 0.078 0.078 0.078 0.078 0.562 0.078 0.078 0.078 0.078 0.078 0.078 0.078 0.078 0.078 0.078 0.078 0.078 0.078 0.078 0.078 0.078 0.078 0.077 0.077 0.077 0.077 0.077 0.076 0.076 0.076 0.075 0.075 0.074 0.073 0.073 0.072 0.071 0.070 0.069 0.067 0.066 0.064 0.063 0.061 0.059 0.056 0.053 0.050 0.047 0.043 0.039 0.033 0.027 0.020 0.019 0.019 0.000
BCC_B2
220.000 230.000 240.000 250.000 260.000 270.000 280.000 290.000 291.200 299.600 302.000 304.000 306.000 308.000 310.000 312.000 314.000 316.000 318.000 320.000 322.000 324.000 326.000 328.000 330.000 332.000 334.000 336.000 338.000 340.000 350.000 360.000 370.000 380.000 390.000 400.000 410.000 420.000 430.000 440.000 450.000 460.000 470.000 480.000 490.000 500.000 510.000 519.889 519.889 520.000 520.476 nan 801.238 807.341 810.000 820.000 830.000 839.262 840.000 846.794 850.000 860.000 870.000 880.000 890.000 900.000 910.000 920.000 930.000 940.000 950.000 960.000 970.000 980.000 990.000 1000.000 1010.000 1020.000 1030.000 1040.000 1050.000 1060.000 1070.000 1080.000 1090.000 1100.000 1110.000 1120.000 1130.000 1140.000 1150.000 1160.000 1170.000 1180.000 1190.000 1200.000 1210.000 1220.000 1230.000 1240.000 1250.000 1260.000 1270.000 1280.000 1290.000 1300.000 1310.000 1320.000 1330.000 1340.000 1350.000 1360.000 1370.000 1380.000 1390.000 1400.000
0.470 0.470 0.470 0.470 0.470 0.470 0.470 0.470 0.470 0.470 0.470 0.470 0.470 0.470 0.470 0.470 0.470 0.470 0.470 0.470 0.470 0.470 0.471 0.471 0.471 0.471 0.471 0.471 0.471 0.000 0.471 0.471 0.471 0.471 0.472 0.472 0.472 0.473 0.473 0.474 0.474 0.475 0.476 0.476 0.477 0.478 0.479 0.480 0.480 0.355 0.000 nan 0.000 0.122 0.149 0.296 0.534 0.856 0.867 1.000 1.000 1.000 1.000 1.000 1.000 1.000 1.000 1.000 1.000 1.000 1.000 1.000 1.000 1.000 1.000 1.000 1.000 1.000 1.000 1.000 1.000 1.000 1.000 1.000 1.000 1.000 1.000 1.000 1.000 1.000 1.000 1.000 1.000 1.000 1.000 1.000 1.000 1.000 1.000 1.000 1.000 1.000 1.000 1.000 1.000 1.000 1.000 1.000 1.000 1.000 1.000 1.000 1.000 1.000 1.000 1.000
HCP_A3
220.000 230.000 240.000 250.000 260.000 270.000 280.000 290.000 291.200 299.600 302.000 304.000 306.000 308.000 310.000 312.000 314.000 316.000 318.000 320.000 322.000 324.000 326.000 328.000 330.000 332.000 334.000 336.000 338.000 340.000 350.000 360.000 370.000 380.000 390.000 400.000 410.000 420.000 430.000 440.000 450.000 460.000 470.000 480.000 490.000 500.000 510.000 519.889 519.889 520.000 520.476 530.000 540.000 550.000 560.000 570.000 580.000 590.000 600.000 610.000 620.000 630.000 640.000 650.000 660.000 670.000 680.000 690.000 700.000 710.000 720.000 730.000 740.000 750.000 760.000 770.000 780.000 790.000 800.000 801.238 801.238 807.341 810.000 820.000 830.000 839.262
0.453 0.453 0.452 0.452 0.452 0.452 0.452 0.452 0.452 0.452 0.452 0.452 0.452 0.452 0.452 0.452 0.452 0.452 0.452 0.452 0.452 0.452 0.452 0.452 0.452 0.452 0.452 0.452 0.452 0.438 0.452 0.451 0.451 0.451 0.451 0.450 0.450 0.449 0.449 0.448 0.448 0.447 0.447 0.446 0.445 0.444 0.443 0.442 0.442 0.425 0.377 0.375 0.373 0.372 0.370 0.369 0.367 0.366 0.364 0.363 0.361 0.359 0.357 0.355 0.353 0.351 0.348 0.345 0.342 0.339 0.335 0.331 0.327 0.321 0.315 0.308 0.299 0.288 0.274 0.272 0.272 0.230 0.220 0.170 0.097 0.000
BCC_B2#2
519.889 520.000 520.476 530.000 540.000 550.000 560.000 570.000 580.000 590.000 600.000 610.000 620.000 630.000 640.000 650.000 660.000 670.000 680.000 690.000 700.000 710.000 720.000 730.000 740.000 750.000 760.000 770.000 780.000 790.000 800.000 801.238 801.238 807.341 810.000 820.000 830.000 839.262 840.000 846.794
0.000 0.143 0.547 0.548 0.550 0.552 0.554 0.556 0.558 0.560 0.562 0.565 0.567 0.570 0.573 0.576 0.580 0.583 0.588 0.592 0.597 0.602 0.609 0.615 0.623 0.632 0.642 0.654 0.668 0.685 0.706 0.709 0.709 0.648 0.631 0.534 0.369 0.144 0.133 0.000
