22 23 73 24
0.486 0.375 0.028 0.111
C15_LAVES
300.000 302.000 312.000 322.000 332.000 342.000 352.000 354.000 nan 354.000 356.000 366.000 376.000 386.000 396.000 406.000 416.000 426.000 436.000 446.000 456.000 466.000 476.000 486.000 496.000 506.000 516.000 526.000 535.797 535.797 540.793 546.000 556.000 566.000 576.000 586.000 596.000 606.000 616.000 626.000 636.000 646.000 656.000 666.000 676.000 686.000 688.000 690.000 700.000 710.000 720.000 730.000 740.000 750.000 760.000 768.814 768.814 770.000 780.000 790.000 798.770
0.150 0.150 0.150 0.150 0.150 0.150 0.150 0.150 nan 0.256 0.576 0.150 0.150 0.150 0.150 0.150 0.150 0.150 0.150 0.150 0.150 0.150 0.150 0.150 0.150 0.150 0.150 0.149 0.149 0.149 0.148 0.148 0.148 0.147 0.147 0.146 0.145 0.144 0.144 0.142 0.141 0.140 0.138 0.136 0.134 0.132 0.132 0.415 0.128 0.125 0.121 0.117 0.112 0.106 0.098 0.090 0.090 0.086 0.056 0.026 0.000
BCC_B2#2
300.000 302.000 312.000 322.000 332.000 342.000 352.000 354.000 nan 535.797 540.793 546.000 556.000 566.000 576.000 586.000 596.000 606.000 616.000 626.000 636.000 646.000 656.000 666.000 676.000 686.000 688.000 690.000 700.000 710.000 720.000 730.000 740.000 750.000 760.000 768.814 768.814 770.000 780.000 790.000 798.770 800.000 810.000 812.714 820.000 829.101
0.414 0.414 0.414 0.414 0.414 0.414 0.414 0.415 nan 0.000 0.470 0.472 0.475 0.479 0.482 0.485 0.489 0.492 0.496 0.500 0.504 0.508 0.513 0.518 0.524 0.530 0.531 0.000 0.540 0.549 0.558 0.569 0.582 0.598 0.617 0.639 0.639 0.624 0.520 0.434 0.360 0.347 0.222 0.182 0.116 0.000
HCP_A3
300.000 302.000 312.000 322.000 332.000 342.000 352.000 354.000 nan 354.000 356.000 366.000 376.000 386.000 396.000 406.000 416.000 426.000 436.000 446.000 456.000 466.000 476.000 486.000 496.000 506.000 516.000 526.000 535.797 535.797 540.793 546.000 556.000 566.000 576.000 586.000 596.000 606.000 616.000 626.000 636.000 646.000 656.000 666.000 676.000 686.000 688.000 690.000 700.000 710.000 720.000 730.000 740.000 750.000 760.000 768.814 768.814 770.000 780.000 790.000 798.770 800.000 810.000 812.714
0.437 0.437 0.437 0.437 0.436 0.436 0.436 0.436 nan 0.744 0.424 0.436 0.435 0.435 0.434 0.434 0.434 0.433 0.432 0.432 0.431 0.430 0.429 0.428 0.427 0.426 0.425 0.424 0.422 0.422 0.382 0.380 0.377 0.374 0.371 0.369 0.366 0.363 0.361 0.358 0.355 0.352 0.349 0.345 0.342 0.338 0.337 0.585 0.331 0.326 0.321 0.314 0.306 0.296 0.285 0.271 0.271 0.265 0.212 0.151 0.089 0.083 0.020 0.000
BCC_B2
354.000 356.000 366.000 376.000 386.000 396.000 406.000 416.000 426.000 436.000 446.000 456.000 466.000 476.000 486.000 496.000 506.000 516.000 526.000 535.797 535.797 540.793 nan 768.814 770.000 780.000 790.000 798.770 800.000 810.000 812.714 820.000 829.101 830.000 840.000 850.000 850.000 860.000 870.000 880.000 890.000 900.000 910.000 920.000 930.000 940.000 950.000 960.000 970.000 980.000 990.000 1000.000 1010.000 1020.000 1030.000 1040.000 1050.000 1060.000 1070.000 1080.000 1090.000 1100.000 1110.000 1120.000 1130.000 1140.000 1150.000 1160.000 1170.000 1180.000 1190.000 1200.000 1210.000 1220.000 1230.000 1240.000 1250.000 1260.000 1270.000 1280.000 1290.000 1300.000 1310.000 1320.000 1330.000 1340.000 1350.000 1360.000 1370.000 1380.000 1390.000 1400.000
0.000 0.000 0.415 0.415 0.415 0.416 0.416 0.417 0.417 0.418 0.418 0.419 0.420 0.421 0.422 0.423 0.424 0.425 0.427 0.428 0.428 0.000 nan 0.000 0.024 0.212 0.390 0.550 0.570 0.758 0.818 0.884 1.000 1.000 1.000 1.000 1.000 1.000 1.000 1.000 1.000 1.000 1.000 1.000 1.000 1.000 1.000 1.000 1.000 1.000 1.000 1.000 1.000 1.000 1.000 1.000 1.000 1.000 1.000 1.000 1.000 1.000 1.000 1.000 1.000 1.000 1.000 1.000 1.000 1.000 1.000 1.000 1.000 1.000 1.000 1.000 1.000 1.000 1.000 1.000 1.000 1.000 1.000 1.000 1.000 1.000 1.000 1.000 1.000 1.000 1.000 1.000
