22 23 42 13
0.278 0.431 0.153 0.139
ALTI3_D019
300.000 302.000 312.000 322.000 332.000 342.000 352.000 362.000 372.000 382.000 392.000 402.000 412.000 414.000 416.000 418.000 420.000 430.000 440.000 450.000 460.000 460.000 470.000 480.000 490.000 500.000 510.000 520.000 530.000 540.000 550.000 560.000 570.000 580.000 590.000 600.000 610.000 620.000 630.000 640.000 650.000 660.000 670.000 680.000 690.000 700.000 710.000 720.000 730.000 740.000 750.000 760.000 770.000 780.000 790.000 800.000 810.000 820.000 830.000 834.739 834.739 840.000 850.000 858.971
0.254 0.254 0.254 0.254 0.254 0.255 0.255 0.255 0.254 0.254 0.254 0.253 0.252 0.252 0.251 0.251 0.251 0.248 0.245 0.241 0.236 0.236 0.229 0.223 0.216 0.209 0.203 0.197 0.191 0.185 0.180 0.175 0.169 0.165 0.160 0.155 0.150 0.146 0.141 0.137 0.133 0.129 0.124 0.120 0.116 0.112 0.107 0.103 0.099 0.095 0.091 0.086 0.082 0.078 0.073 0.069 0.065 0.060 0.056 0.053 0.053 0.043 0.022 0.000
BCC_B2
300.000 302.000 312.000 322.000 332.000 342.000 352.000 362.000 372.000 382.000 392.000 402.000 412.000 414.000 416.000 418.000 420.000 430.000 440.000 450.000 460.000 460.000 470.000 480.000 490.000 500.000 510.000 520.000 530.000 540.000 550.000 560.000 570.000 580.000 590.000 600.000 610.000 620.000 630.000 640.000 650.000 660.000 670.000 680.000 690.000 700.000 710.000 720.000 730.000 740.000 750.000 760.000 770.000 780.000 790.000 800.000 810.000 820.000 830.000 834.739 834.739 840.000 850.000 858.971 858.971 860.000 870.000 880.000 890.000 900.000 910.000 920.000 930.000 940.000 950.000 960.000 970.000 980.000 990.000 1000.000 1010.000 1020.000 1030.000 1040.000 1050.000 1060.000 1062.933 1062.933 1070.000 1076.158 1076.158 1080.000 1090.000 1100.000 1110.000 1120.000 1130.000 1140.000 1150.000 1160.000 1170.000 1180.000 1190.000 1200.000 1210.000 1220.000 1230.000 1240.000 1250.000 1260.000 1270.000 1280.000 1290.000 1300.000 1310.000 1320.000 1330.000 1340.000 1350.000 1360.000 1370.000 1380.000 1390.000 1400.000
0.456 0.456 0.459 0.462 0.465 0.468 0.471 0.475 0.479 0.483 0.487 0.492 0.497 0.499 0.500 0.501 0.502 0.509 0.517 0.525 0.534 0.534 0.543 0.552 0.560 0.568 0.575 0.582 0.588 0.595 0.601 0.607 0.613 0.618 0.624 0.630 0.636 0.641 0.647 0.653 0.659 0.664 0.670 0.676 0.682 0.689 0.695 0.701 0.708 0.714 0.721 0.728 0.735 0.742 0.749 0.756 0.764 0.772 0.780 0.784 0.784 0.784 0.784 0.785 0.785 0.785 0.793 0.801 0.810 0.818 0.827 0.835 0.844 0.853 0.863 0.872 0.882 0.892 0.902 0.913 0.923 0.934 0.946 0.957 0.969 0.981 0.985 0.985 0.993 1.000 1.000 1.000 1.000 1.000 1.000 1.000 1.000 1.000 1.000 1.000 1.000 1.000 1.000 1.000 1.000 1.000 1.000 1.000 1.000 1.000 1.000 1.000 1.000 1.000 1.000 1.000 1.000 1.000 1.000 1.000 1.000 1.000 1.000 1.000
CR3SI_A15
300.000 302.000 312.000 322.000 332.000 342.000 352.000 362.000 372.000 382.000 392.000 402.000 412.000 414.000 416.000 418.000 420.000 430.000 440.000 450.000 460.000 460.000 470.000 480.000 490.000 500.000 510.000 520.000 530.000 540.000 550.000 560.000 570.000 580.000 590.000 600.000 610.000 620.000 630.000 640.000 650.000 660.000 670.000 680.000 690.000 700.000 710.000 720.000 730.000 740.000 750.000 760.000 770.000 780.000 790.000 800.000 810.000 820.000 830.000 834.739 834.739 840.000 850.000 858.971 858.971 860.000 870.000 880.000 890.000 900.000 910.000 920.000 930.000 940.000 950.000 960.000 970.000 980.000 990.000 1000.000 1010.000 1020.000 1030.000 1040.000 1050.000 1060.000 1062.933
0.290 0.290 0.287 0.284 0.281 0.277 0.274 0.270 0.267 0.263 0.259 0.255 0.251 0.250 0.249 0.248 0.247 0.243 0.238 0.234 0.230 0.230 0.227 0.225 0.224 0.223 0.222 0.221 0.221 0.220 0.219 0.219 0.218 0.217 0.216 0.215 0.214 0.213 0.211 0.210 0.209 0.207 0.205 0.204 0.202 0.200 0.198 0.196 0.193 0.191 0.189 0.186 0.183 0.180 0.178 0.174 0.171 0.168 0.164 0.163 0.163 0.153 0.132 0.111 0.111 0.111 0.107 0.103 0.098 0.094 0.090 0.085 0.080 0.075 0.070 0.065 0.060 0.054 0.048 0.043 0.036 0.030 0.023 0.017 0.010 0.002 0.000
BCC_B2#2
834.739 840.000 850.000 858.971 858.971 860.000 870.000 880.000 890.000 900.000 910.000 920.000 930.000 940.000 950.000 960.000 970.000 980.000 990.000 1000.000 1010.000 1020.000 1030.000 1040.000 1050.000 1060.000 1062.933 1062.933 1070.000 1076.158
0.000 0.020 0.061 0.104 0.104 0.104 0.100 0.096 0.092 0.088 0.084 0.080 0.075 0.071 0.067 0.063 0.058 0.054 0.049 0.045 0.040 0.036 0.031 0.026 0.021 0.016 0.015 0.015 0.007 0.000
