22 23 42 13
0.264 0.500 0.097 0.139
ALTI3_D019
700.000 710.000 720.000 730.000 740.000 750.000 760.000 770.000 780.000 790.000 800.000 810.000 820.000 830.000 840.000 850.000 860.000 870.000 880.000 890.000 900.000 901.896 901.896 906.551 910.000 920.000 927.943
0.130 0.126 0.122 0.118 0.114 0.110 0.106 0.102 0.098 0.094 0.089 0.085 0.080 0.076 0.071 0.067 0.062 0.057 0.052 0.047 0.042 0.041 0.041 0.016 0.013 0.006 0.000
BCC_B2
700.000 710.000 720.000 730.000 740.000 750.000 760.000 770.000 780.000 790.000 800.000 810.000 820.000 830.000 840.000 850.000 860.000 870.000 880.000 890.000 900.000 901.896 901.896 906.551 910.000 920.000 927.943 930.000 940.000 950.000 960.000 970.000 980.000 990.000 992.926 992.926 1000.000 1010.000 1020.000 1030.000 1040.000 1050.000 1060.000 1070.000 1080.000 1090.000 1100.000 1110.000 1120.000 1130.000 1140.000 1150.000 1160.000 1170.000 1180.000 1190.000 1200.000
0.762 0.769 0.776 0.783 0.790 0.798 0.805 0.813 0.821 0.829 0.837 0.845 0.854 0.862 0.871 0.881 0.890 0.900 0.910 0.920 0.930 0.932 0.932 0.933 0.935 0.941 0.945 0.947 0.955 0.963 0.972 0.980 0.989 0.997 1.000 1.000 1.000 1.000 1.000 1.000 1.000 1.000 1.000 1.000 1.000 1.000 1.000 1.000 1.000 1.000 1.000 1.000 1.000 1.000 1.000 1.000 1.000
CR3SI_A15
700.000 710.000 720.000 730.000 740.000 750.000 760.000 770.000 780.000 790.000 800.000 810.000 820.000 830.000 840.000 850.000 860.000 870.000 880.000 890.000 900.000 901.896 901.896 906.551
0.108 0.105 0.102 0.098 0.095 0.092 0.089 0.085 0.081 0.078 0.074 0.070 0.066 0.062 0.057 0.053 0.048 0.043 0.038 0.033 0.027 0.026 0.026 0.000
BCC_B2#2
901.896 906.551 910.000 920.000 927.943 930.000 940.000 950.000 960.000 970.000 980.000 990.000 992.926
0.000 0.051 0.052 0.053 0.055 0.053 0.045 0.037 0.028 0.020 0.011 0.003 0.000
