22 23 13 24
0.417 0.458 0.069 0.056
BCC_B2#2
700.000 702.000 704.000 706.000 708.000 710.000 712.000 714.000 716.000 718.000 720.000 722.000 724.000 726.000 728.000 730.000 732.000 734.000 736.000 738.000 740.000 742.000 744.000 746.000 748.000 750.000 752.000 754.000 756.000 758.000 760.000 762.000 764.000 766.000 768.000 770.000 772.000 774.000 776.000 778.000 780.000 782.000 784.000 786.000 788.000 790.000 792.000 794.000 796.000 798.000 800.000 802.000 804.000 806.000 808.000 810.000 812.000 822.000 832.000 842.000 852.000 862.000 872.000 880.076 882.000 892.000 902.000 912.000 914.000
0.788 0.790 0.792 0.793 0.795 0.797 0.799 0.800 0.802 0.804 0.806 0.808 0.809 0.811 0.813 0.815 0.817 0.819 0.821 0.823 0.825 0.827 0.829 0.831 0.833 0.835 0.837 0.839 0.841 0.843 0.845 0.847 0.849 0.851 0.854 0.856 0.858 0.860 0.862 0.865 0.867 0.869 0.871 0.874 0.876 0.532 0.881 0.883 0.885 0.888 0.890 0.893 0.895 0.898 0.900 0.604 0.905 0.918 0.931 0.945 0.959 0.973 0.988 1.000 1.000 1.000 1.000 1.000 1.000
HCP_A3
700.000 702.000 704.000 706.000 708.000 710.000 712.000 714.000 716.000 718.000 720.000 722.000 724.000 726.000 728.000 730.000 732.000 734.000 736.000 738.000 740.000 742.000 744.000 746.000 748.000 750.000 752.000 754.000 756.000 758.000 760.000 762.000 764.000 766.000 768.000 770.000 772.000 774.000 776.000 778.000 780.000 782.000 784.000 786.000 788.000 790.000 792.000 794.000 796.000 798.000 800.000 802.000 804.000 806.000 808.000 810.000 812.000 822.000 832.000 842.000 852.000 862.000 872.000 880.076
0.212 0.210 0.208 0.207 0.205 0.203 0.201 0.200 0.198 0.196 0.194 0.192 0.191 0.189 0.187 0.185 0.183 0.181 0.179 0.177 0.175 0.173 0.171 0.169 0.167 0.165 0.163 0.161 0.159 0.157 0.155 0.153 0.151 0.149 0.146 0.144 0.142 0.140 0.138 0.135 0.133 0.131 0.129 0.126 0.124 0.468 0.119 0.117 0.115 0.112 0.110 0.107 0.105 0.102 0.100 0.396 0.095 0.082 0.069 0.055 0.041 0.027 0.012 0.000
BCC_B2
914.000 916.000 918.000 920.000 930.000 940.000 950.000 950.000 960.000 970.000 980.000 990.000 1000.000 1010.000 1020.000 1030.000 1040.000 1050.000 1060.000 1070.000 1080.000 1090.000 1100.000 1110.000 1120.000 1130.000 1140.000 1150.000 1160.000 1170.000 1180.000 1190.000 1200.000
0.000 1.000 1.000 1.000 1.000 1.000 1.000 1.000 1.000 1.000 1.000 1.000 1.000 1.000 1.000 1.000 1.000 1.000 1.000 1.000 1.000 1.000 1.000 1.000 1.000 1.000 1.000 1.000 1.000 1.000 1.000 1.000 1.000
