22 40 23 24
0.458 0.014 0.417 0.111
C15_LAVES
700.000 710.000 720.000 730.000 740.000 750.000 760.000 770.000 780.000 787.024 787.024 790.000 796.145 800.000 810.000 820.000 827.332 827.332 830.000 840.000 850.000 860.000 870.000 880.000 890.000 900.000 910.000 920.000 930.000 940.000 950.000 960.000 970.000 980.000 990.000 1000.000 1010.000 1020.000 1023.513
0.053 0.053 0.052 0.052 0.052 0.052 0.052 0.051 0.051 0.051 0.051 0.051 0.051 0.051 0.051 0.050 0.050 0.050 0.050 0.049 0.048 0.046 0.045 0.044 0.042 0.040 0.038 0.036 0.034 0.031 0.028 0.025 0.022 0.018 0.015 0.011 0.006 0.002 0.000
BCC_B2#2
700.000 710.000 720.000 730.000 740.000 750.000 760.000 770.000 780.000 787.024 787.024 790.000 796.145
0.637 0.644 0.652 0.660 0.670 0.681 0.694 0.710 0.730 0.750 0.750 0.458 0.000
HCP_A3
700.000 710.000 720.000 730.000 740.000 750.000 760.000 770.000 780.000 787.024 787.024 790.000 796.145 800.000 810.000 820.000 827.332 827.332
0.310 0.303 0.296 0.287 0.278 0.267 0.254 0.239 0.218 0.198 0.198 0.186 0.158 0.144 0.102 0.048 0.000 0.000
BCC_B2
787.024 790.000 796.145 800.000 810.000 820.000 827.332 827.332 830.000 840.000 850.000 860.000 870.000 880.000 890.000 900.000 910.000 920.000 930.000 940.000 950.000 960.000 970.000 980.000 990.000 1000.000 1010.000 1020.000 1023.513 1023.513 1030.000 1040.000 1050.000 1060.000 1070.000 1080.000 1090.000 1100.000 1110.000 1120.000 1130.000 1140.000 1150.000 1160.000 1170.000 1180.000 1190.000 1200.000
0.000 0.304 0.790 0.804 0.847 0.901 0.950 0.950 0.950 0.951 0.952 0.954 0.955 0.956 0.958 0.960 0.962 0.964 0.966 0.969 0.972 0.975 0.978 0.982 0.985 0.989 0.994 0.998 1.000 1.000 1.000 1.000 1.000 1.000 1.000 1.000 1.000 1.000 1.000 1.000 1.000 1.000 1.000 1.000 1.000 1.000 1.000 1.000
