22 40 23 24
0.472 0.014 0.389 0.125
BCC_B2#2
700.000 706.000 716.000 726.000 728.000 nan 728.000 730.000 740.000 750.000 760.000 770.000 780.000 790.000 800.000 805.478 805.478 810.000 816.829
0.616 0.619 0.624 0.630 0.632 nan 0.667 0.000 0.640 0.647 0.656 0.666 0.678 0.694 0.715 0.731 0.731 0.422 0.000
C15_LAVES#2
700.000 706.000 716.000 726.000 728.000
0.053 0.053 0.053 0.053 0.053
HCP_A3
700.000 706.000 716.000 726.000 728.000 nan 728.000 730.000 740.000 750.000 760.000 770.000 780.000 790.000 800.000 805.478 805.478 810.000 816.829 820.000 830.000 839.451 839.451
0.331 0.328 0.322 0.317 0.315 nan 0.333 0.705 0.308 0.300 0.292 0.282 0.270 0.255 0.234 0.217 0.217 0.193 0.148 0.132 0.074 0.000 0.000
C15_LAVES
728.000 730.000 740.000 750.000 760.000 770.000 780.000 790.000 800.000 805.478 805.478 810.000 816.829 820.000 830.000 839.451 839.451 840.000 850.000 860.000 870.000 880.000 890.000 900.000 910.000 920.000 930.000 940.000 950.000 960.000 970.000 980.000 990.000 1000.000 1010.000 1020.000 1030.000 1039.491
0.000 0.295 0.053 0.052 0.052 0.052 0.052 0.052 0.051 0.051 0.051 0.051 0.052 0.052 0.051 0.050 0.050 0.050 0.049 0.048 0.047 0.046 0.045 0.043 0.041 0.040 0.038 0.035 0.033 0.030 0.027 0.024 0.021 0.017 0.013 0.009 0.004 0.000
BCC_B2
805.478 810.000 816.829 820.000 830.000 839.451 839.451 840.000 850.000 860.000 870.000 880.000 890.000 900.000 910.000 920.000 930.000 940.000 950.000 960.000 970.000 980.000 990.000 1000.000 1010.000 1020.000 1030.000 1039.491 1039.491 1040.000 1050.000 1060.000 1070.000 1080.000 1090.000 1100.000 1110.000 1120.000 1130.000 1140.000 1150.000 1160.000 1170.000 1180.000 1190.000 1200.000
0.000 0.334 0.801 0.816 0.875 0.950 0.950 0.950 0.951 0.952 0.953 0.954 0.955 0.957 0.959 0.960 0.962 0.965 0.967 0.970 0.973 0.976 0.979 0.983 0.987 0.991 0.996 1.000 1.000 1.000 1.000 1.000 1.000 1.000 1.000 1.000 1.000 1.000 1.000 1.000 1.000 1.000 1.000 1.000 1.000 1.000
