22 72 23 13
0.333 0.014 0.542 0.111
C15_LAVES
300.000 310.000 320.000 330.000 340.000 350.000 360.000 370.000 380.000 390.000 400.000 410.000 420.000 430.000 434.400 434.400 434.800 435.200 435.600 436.000 436.400 436.800 437.200 437.600 438.000 438.400 438.800 439.200 439.600 440.000 440.400 440.800 441.200 441.600 442.000 442.000 444.000 446.000 448.000 450.000 452.000 454.000 456.000 458.000 460.000 470.000 480.000 490.000 500.000 510.000 520.000 530.000 540.000 550.000 560.000 570.000 580.000 590.000 600.000 610.000 620.000 630.000 640.000 650.000 660.000 670.000 680.000 690.000 700.000 710.000 720.000 730.000 740.000 750.000 760.000 770.000 780.000 790.000 800.000 810.000 820.000 830.000 840.000 850.000 860.000 870.000 880.000 890.000 892.009
0.080 0.080 0.080 0.080 0.080 0.080 0.080 0.080 0.080 0.080 0.080 0.080 0.080 0.080 0.080 0.080 0.080 0.080 0.080 0.080 0.080 0.080 0.080 0.080 0.080 0.080 0.080 0.080 0.080 0.080 0.080 0.080 0.080 0.080 0.080 0.080 0.080 0.080 0.080 0.080 0.080 0.080 0.080 0.080 0.080 0.080 0.080 0.080 0.080 0.080 0.080 0.080 0.080 0.080 0.080 0.080 0.080 0.080 0.080 0.080 0.080 0.080 0.079 0.079 0.079 0.078 0.078 0.077 0.077 0.076 0.075 0.074 0.073 0.071 0.070 0.068 0.065 0.063 0.060 0.057 0.053 0.048 0.043 0.037 0.030 0.022 0.013 0.002 0.000
ALTI3_D019
300.000 310.000 320.000 330.000 340.000 350.000 360.000 370.000 380.000 390.000 400.000 410.000 420.000 430.000 434.400 434.400 434.800 435.200 435.600 436.000 436.400 436.800 437.200 437.600 438.000 438.400 438.800 439.200 439.600 440.000 440.400 440.800 441.200 441.600 442.000 442.000 444.000 446.000 448.000 450.000 452.000 454.000 456.000 458.000 460.000 470.000 480.000 490.000 500.000 510.000 520.000 530.000 540.000 550.000 560.000 570.000 580.000 590.000 600.000 610.000 620.000 630.000 640.000 650.000 660.000 670.000 680.000 690.000 700.000 710.000 720.000 730.000 740.000 750.000 760.000 770.000 780.000 790.000 800.000 810.000 820.000 830.000 840.000 850.000 860.000 870.000 880.000 890.000 892.009 892.009 900.000 910.000 920.000 930.000 940.000 950.000 960.000 964.172
0.386 0.386 0.386 0.385 0.385 0.385 0.384 0.384 0.383 0.383 0.382 0.380 0.379 0.376 0.374 0.374 0.374 0.374 0.374 0.373 0.373 0.373 0.373 0.373 0.372 0.372 0.372 0.372 0.371 0.371 0.371 0.371 0.370 0.370 0.370 0.370 0.368 0.366 0.363 0.358 0.351 0.343 0.336 0.330 0.326 0.311 0.299 0.290 0.282 0.275 0.268 0.261 0.255 0.249 0.243 0.238 0.232 0.227 0.222 0.216 0.211 0.206 0.201 0.196 0.191 0.186 0.181 0.176 0.171 0.166 0.160 0.155 0.150 0.145 0.139 0.133 0.128 0.122 0.116 0.109 0.103 0.096 0.089 0.081 0.073 0.065 0.056 0.046 0.044 0.044 0.039 0.033 0.027 0.021 0.015 0.009 0.003 0.000
BCC_B2
300.000 310.000 320.000 330.000 340.000 350.000 360.000 370.000 380.000 390.000 400.000 410.000 420.000 430.000 434.400 434.400 434.800 435.200 435.600 436.000 436.400 436.800 437.200 437.600 438.000 438.400 438.800 439.200 439.600 440.000 440.400 440.800 441.200 441.600 442.000 442.000 444.000 446.000 448.000 450.000 452.000 454.000 456.000 458.000 460.000 470.000 480.000 490.000 500.000 510.000 520.000 530.000 540.000 550.000 560.000 570.000 580.000 590.000 600.000 610.000 620.000 630.000 640.000 650.000 660.000 670.000 680.000 690.000 700.000 710.000 720.000 730.000 740.000 750.000 760.000 770.000 780.000 790.000 800.000 810.000 820.000 830.000 840.000 850.000 860.000 870.000 880.000 890.000 892.009 892.009 900.000 910.000 920.000 930.000 940.000 950.000 960.000 964.172 964.172 970.000 980.000 990.000 1000.000 1010.000 1020.000 1030.000 1040.000 1050.000 1060.000 1070.000 1080.000 1090.000 1100.000 1110.000 1120.000 1130.000 1140.000 1150.000 1160.000 1170.000 1180.000 1190.000 1200.000 1210.000 1220.000 1230.000 1240.000 1250.000 1260.000 1270.000 1280.000 1290.000 1300.000 1310.000 1320.000 1330.000 1340.000 1350.000 1360.000 1370.000 1380.000 1390.000 1400.000
0.534 0.534 0.534 0.535 0.535 0.535 0.536 0.536 0.537 0.537 0.538 0.540 0.541 0.544 0.546 0.546 0.546 0.546 0.546 0.546 0.547 0.547 0.547 0.547 0.547 0.548 0.548 0.548 0.548 0.549 0.549 0.549 0.550 0.550 0.550 0.550 0.552 0.554 0.557 0.562 0.569 0.577 0.584 0.589 0.594 0.609 0.620 0.630 0.638 0.645 0.652 0.658 0.665 0.671 0.676 0.682 0.688 0.693 0.698 0.704 0.709 0.714 0.720 0.725 0.730 0.736 0.741 0.747 0.753 0.758 0.765 0.771 0.777 0.784 0.791 0.799 0.807 0.815 0.824 0.834 0.845 0.856 0.868 0.882 0.897 0.913 0.931 0.952 0.956 0.956 0.961 0.967 0.973 0.979 0.985 0.991 0.997 1.000 1.000 1.000 1.000 1.000 1.000 1.000 1.000 1.000 1.000 1.000 1.000 1.000 1.000 1.000 1.000 1.000 1.000 1.000 1.000 1.000 1.000 1.000 1.000 1.000 1.000 1.000 1.000 1.000 1.000 1.000 1.000 1.000 1.000 1.000 1.000 1.000 1.000 1.000 1.000 1.000 1.000 1.000 1.000 1.000 1.000
