22 72 23 13
0.347 0.028 0.514 0.111
C15_LAVES
300.000 300.100 310.100 320.100 330.100 340.100 350.100 360.100 370.100 380.100 390.100 400.100 410.100 420.100 430.100 440.100 440.300 440.300 440.400 440.500 440.600 440.700 440.800 440.900 441.000 441.100 441.200 441.300 441.400 441.500 441.600 441.700 441.800 441.900 442.000 442.000 444.000 446.000 448.000 450.000 452.000 454.000 456.000 458.000 460.000 470.000 480.000 490.000 500.000 510.000 520.000 530.000 540.000 550.000 560.000 570.000 580.000 590.000 600.000 610.000 620.000 630.000 640.000 650.000 660.000 670.000 680.000 690.000 700.000 710.000 720.000 730.000 740.000 750.000 760.000 770.000 780.000 790.000 800.000 810.000 820.000 830.000 840.000 850.000 860.000 870.000 880.000 890.000 899.991 900.000 903.697
0.155 0.155 0.155 0.155 0.155 0.155 0.155 0.155 0.155 0.155 0.155 0.155 0.155 0.155 0.155 0.155 0.155 0.155 0.155 0.155 0.155 0.155 0.155 0.155 0.155 0.155 0.155 0.155 0.155 0.155 0.155 0.155 0.155 0.155 0.155 0.155 0.155 0.155 0.155 0.155 0.155 0.155 0.155 0.155 0.155 0.155 0.155 0.155 0.155 0.155 0.155 0.155 0.155 0.155 0.155 0.155 0.155 0.155 0.155 0.155 0.155 0.155 0.155 0.154 0.154 0.154 0.153 0.153 0.152 0.152 0.151 0.150 0.149 0.148 0.146 0.144 0.142 0.140 0.137 0.134 0.131 0.127 0.122 0.116 0.110 0.102 0.094 0.083 0.071 0.071 0.000
ALTI3_D019
300.000 300.100 310.100 320.100 330.100 340.100 350.100 360.100 370.100 380.100 390.100 400.100 410.100 420.100 430.100 440.100 440.300 440.300 440.400 440.500 440.600 440.700 440.800 440.900 441.000 441.100 441.200 441.300 441.400 441.500 441.600 441.700 441.800 441.900 442.000 442.000 444.000 446.000 448.000 450.000 452.000 454.000 456.000 458.000 460.000 470.000 480.000 490.000 500.000 510.000 520.000 530.000 540.000 550.000 560.000 570.000 580.000 590.000 600.000 610.000 620.000 630.000 640.000 650.000 660.000 670.000 680.000 690.000 700.000 710.000 720.000 730.000 740.000 750.000 760.000 770.000 780.000 790.000 800.000 810.000 820.000 830.000 840.000 850.000 860.000 870.000 880.000 890.000 899.991 900.000 903.697 903.697 910.000 920.000 930.000 940.000 950.000 960.000 963.691
0.385 0.385 0.385 0.385 0.385 0.385 0.384 0.384 0.384 0.383 0.383 0.382 0.381 0.380 0.378 0.375 0.375 0.375 0.375 0.375 0.375 0.375 0.375 0.375 0.374 0.374 0.374 0.374 0.374 0.374 0.374 0.374 0.374 0.374 0.374 0.374 0.373 0.372 0.370 0.368 0.365 0.360 0.349 0.341 0.335 0.320 0.310 0.301 0.294 0.287 0.281 0.275 0.270 0.265 0.260 0.255 0.250 0.245 0.240 0.236 0.231 0.227 0.222 0.218 0.213 0.209 0.204 0.200 0.195 0.191 0.186 0.182 0.177 0.172 0.167 0.162 0.157 0.152 0.146 0.140 0.134 0.128 0.122 0.115 0.107 0.099 0.091 0.082 0.072 0.072 0.038 0.038 0.033 0.026 0.019 0.013 0.007 0.002 0.000
BCC_B2
300.000 300.100 310.100 320.100 330.100 340.100 350.100 360.100 370.100 380.100 390.100 400.100 410.100 420.100 430.100 440.100 440.300 440.300 440.400 440.500 440.600 440.700 440.800 440.900 441.000 441.100 441.200 441.300 441.400 441.500 441.600 441.700 441.800 441.900 442.000 442.000 444.000 446.000 448.000 450.000 452.000 454.000 456.000 458.000 460.000 470.000 480.000 490.000 500.000 510.000 520.000 530.000 540.000 550.000 560.000 570.000 580.000 590.000 600.000 610.000 620.000 630.000 640.000 650.000 660.000 670.000 680.000 690.000 700.000 710.000 720.000 730.000 740.000 750.000 760.000 770.000 780.000 790.000 800.000 810.000 820.000 830.000 840.000 850.000 860.000 870.000 880.000 890.000 899.991 900.000 903.697 903.697 910.000 920.000 930.000 940.000 950.000 960.000 963.691 963.691 970.000 980.000 987.936 987.936 990.000 1000.000 1010.000 1020.000 1030.000 1040.000 1050.000 1060.000 1070.000 1080.000 1090.000 1100.000 1110.000 1120.000 1130.000 1140.000 1150.000 1160.000 1170.000 1180.000 1190.000 1200.000 1210.000 1220.000 1230.000 1240.000 1250.000 1260.000 1270.000 1280.000 1290.000 1300.000 1310.000 1320.000 1330.000 1340.000 1350.000 1360.000 1370.000 1380.000 1390.000 1400.000
0.460 0.460 0.460 0.460 0.461 0.461 0.461 0.461 0.462 0.462 0.463 0.463 0.464 0.466 0.467 0.470 0.470 0.470 0.470 0.471 0.471 0.471 0.471 0.471 0.471 0.471 0.471 0.471 0.471 0.471 0.471 0.471 0.471 0.471 0.471 0.471 0.472 0.473 0.475 0.477 0.480 0.485 0.497 0.505 0.510 0.525 0.535 0.544 0.551 0.558 0.564 0.569 0.575 0.580 0.585 0.590 0.595 0.600 0.605 0.609 0.614 0.619 0.623 0.628 0.633 0.637 0.642 0.647 0.652 0.658 0.663 0.668 0.674 0.680 0.687 0.694 0.701 0.708 0.717 0.725 0.735 0.745 0.757 0.769 0.783 0.798 0.815 0.835 0.857 0.857 0.898 0.898 0.905 0.916 0.927 0.939 0.951 0.963 0.967 0.967 0.976 0.989 1.000 1.000 1.000 1.000 1.000 1.000 1.000 1.000 1.000 1.000 1.000 1.000 1.000 1.000 1.000 1.000 1.000 1.000 1.000 1.000 1.000 1.000 1.000 1.000 1.000 1.000 1.000 1.000 1.000 1.000 1.000 1.000 1.000 1.000 1.000 1.000 1.000 1.000 1.000 1.000 1.000 1.000 1.000 1.000
HCP_A3
899.991 900.000 903.697 903.697 910.000 920.000 930.000 940.000 950.000 960.000 963.691 963.691 970.000 980.000 987.936
0.000 0.000 0.064 0.064 0.062 0.058 0.054 0.048 0.042 0.035 0.033 0.033 0.024 0.011 0.000
