22 23 41 13
0.125 0.597 0.139 0.139
BCC_B2
300.000 308.000 318.000 328.000 338.000 348.000 350.000 352.000 362.000 372.000 382.000 392.000 402.000 412.000 422.000 424.710 426.000 428.000 430.000 432.000 434.000 436.000 438.000 440.000 442.000 444.000 446.000 448.000 450.000 452.000 454.000 456.000 458.000 460.000 462.000 464.000 466.000 468.000 470.000 472.000 474.000 476.000 478.000 480.000 482.000 484.000 486.000 488.000 490.000 492.000 494.000 496.000 498.000 500.000 502.000 504.000 506.000 508.000 510.000 512.000 514.000 516.000 518.000 520.000 522.000 524.000 526.000 528.000 530.000 532.000 534.000 536.000 538.000 540.000 542.000 544.000 546.000 548.000 550.000 552.000 554.000 556.000 558.000 560.000 562.000 564.000 566.000 568.000 570.000 580.000 590.000 600.000 610.000 620.000 630.000 640.000 650.000 660.000 670.000 680.000 690.000 700.000 710.000 720.000 730.000 740.000 750.000 760.000 770.000 780.000 790.000 800.000 810.000 820.000 830.000 840.000 850.000 860.000 870.000 880.000 890.000 900.000 910.000 920.000 930.000 940.000 950.000 960.000 970.000 980.000 985.394 985.394 990.000 1000.000 1010.000 1020.000 1030.000 1040.000 1050.000 1060.000 1070.000 1080.000 1090.000 1100.000 1110.000 1120.000 1130.000 1140.000 1150.000 1160.000 1170.000 1180.000 1190.000 1200.000 1210.000 1220.000 1230.000 1240.000 1250.000 1260.000 1270.000 1280.000 1290.000 1300.000 1310.000 1320.000 1330.000 1340.000 1350.000 1360.000 1370.000 1380.000 1390.000 1400.000
0.622 0.625 0.629 0.633 0.639 0.644 0.646 0.717 0.654 0.661 0.669 0.679 0.689 0.701 0.714 0.718 0.718 0.718 0.453 0.719 0.719 0.719 0.719 0.719 0.719 0.719 0.719 0.720 0.455 0.720 0.720 0.720 0.720 0.720 0.720 0.721 0.721 0.721 0.457 0.721 0.721 0.722 0.722 0.722 0.722 0.722 0.722 0.723 0.459 0.723 0.723 0.723 0.724 0.724 0.724 0.724 0.725 0.725 0.461 0.725 0.726 0.726 0.726 0.726 0.727 0.727 0.727 0.727 0.463 0.728 0.728 0.729 0.729 0.729 0.730 0.730 0.730 0.731 0.465 0.732 0.732 0.732 0.733 0.733 0.734 0.734 0.734 0.735 0.467 0.738 0.740 0.743 0.746 0.749 0.753 0.756 0.760 0.764 0.769 0.773 0.778 0.783 0.788 0.793 0.798 0.804 0.810 0.816 0.822 0.828 0.835 0.842 0.848 0.855 0.863 0.870 0.878 0.885 0.893 0.901 0.910 0.918 0.927 0.936 0.945 0.954 0.964 0.974 0.984 0.994 1.000 1.000 1.000 1.000 1.000 1.000 1.000 1.000 1.000 1.000 1.000 1.000 1.000 1.000 1.000 1.000 1.000 1.000 1.000 1.000 1.000 1.000 1.000 1.000 1.000 1.000 1.000 1.000 1.000 1.000 1.000 1.000 1.000 1.000 1.000 1.000 1.000 1.000 1.000 1.000 1.000 1.000 1.000 1.000
O_PHASE
300.000 308.000 318.000 328.000 338.000 348.000 350.000 352.000 362.000 372.000 382.000 392.000 402.000 412.000 422.000 424.710 426.000 428.000 430.000 432.000 434.000 436.000 438.000 440.000 442.000 444.000 446.000 448.000 450.000 452.000 454.000 456.000 458.000 460.000 462.000 464.000 466.000 468.000 470.000 472.000 474.000 476.000 478.000 480.000 482.000 484.000 486.000 488.000 490.000 492.000 494.000 496.000 498.000 500.000 502.000 504.000 506.000 508.000 510.000 512.000 514.000 516.000 518.000 520.000 522.000 524.000 526.000 528.000 530.000 532.000 534.000 536.000 538.000 540.000 542.000 544.000 546.000 548.000 550.000 552.000 554.000 556.000 558.000 560.000 562.000 564.000 566.000 568.000 570.000 580.000 590.000 600.000 610.000 620.000 630.000 640.000 650.000 660.000 670.000 680.000 690.000 700.000 710.000 720.000 730.000 740.000 750.000 760.000 770.000 780.000 790.000 800.000 810.000 820.000 830.000 840.000 850.000 860.000 870.000 880.000 890.000 900.000 910.000 920.000 930.000 940.000 950.000 960.000 970.000 980.000 985.394
0.273 0.274 0.275 0.275 0.276 0.277 0.277 0.283 0.278 0.278 0.279 0.280 0.280 0.281 0.282 0.282 0.282 0.282 0.547 0.281 0.281 0.281 0.281 0.281 0.281 0.281 0.281 0.280 0.545 0.280 0.280 0.280 0.280 0.280 0.280 0.279 0.279 0.279 0.543 0.279 0.279 0.278 0.278 0.278 0.278 0.278 0.278 0.277 0.541 0.277 0.277 0.277 0.276 0.276 0.276 0.276 0.275 0.275 0.539 0.275 0.274 0.274 0.274 0.274 0.273 0.273 0.273 0.273 0.537 0.272 0.272 0.271 0.271 0.271 0.270 0.270 0.270 0.269 0.535 0.268 0.268 0.268 0.267 0.267 0.266 0.266 0.266 0.265 0.533 0.262 0.260 0.257 0.254 0.251 0.247 0.244 0.240 0.236 0.231 0.227 0.222 0.217 0.212 0.207 0.202 0.196 0.190 0.184 0.178 0.172 0.165 0.158 0.152 0.145 0.137 0.130 0.122 0.115 0.107 0.099 0.090 0.082 0.073 0.064 0.055 0.046 0.036 0.026 0.016 0.006 0.000
CR3SI_A15
300.000 308.000 318.000 328.000 338.000 348.000 350.000 352.000 362.000 372.000 382.000 392.000 402.000 412.000 422.000 424.710
0.105 0.101 0.096 0.091 0.085 0.079 0.077 0.000 0.069 0.060 0.051 0.041 0.030 0.018 0.004 0.000
