22 23 41 13
0.125 0.514 0.222 0.139
BCC_B2
300.000 304.000 314.000 324.000 334.000 344.000 354.000 364.000 374.000 384.000 394.000 404.000 414.000 416.000 418.000 428.000 438.000 448.000 458.000 468.000 478.000 488.000 491.778 492.000 494.000 496.000 498.000 500.000 502.000 504.000 506.000 508.000 510.000 512.000 514.000 516.000 518.000 520.000 522.000 524.000 526.000 528.000 530.000 532.000 534.000 536.000 538.000 540.000 542.000 544.000 546.000 548.000 550.000 552.000 554.000 556.000 558.000 560.000 562.000 564.000 566.000 568.000 570.000 580.000 590.000 600.000 610.000 620.000 630.000 640.000 650.000 660.000 670.000 680.000 690.000 700.000 710.000 720.000 730.000 740.000 750.000 760.000 770.000 780.000 790.000 800.000 810.000 820.000 830.000 840.000 850.000 860.000 870.000 880.000 890.000 900.000 910.000 920.000 930.000 940.000 950.000 960.000 970.000 980.000 990.000 1000.000 1010.000 1020.000 1030.000 1040.000 1040.386 1040.386 1050.000 1060.000 1070.000 1080.000 1090.000 1100.000 1110.000 1120.000 1130.000 1140.000 1150.000 1160.000 1170.000 1180.000 1190.000 1200.000 1210.000 1220.000 1230.000 1240.000 1250.000 1260.000 1270.000 1280.000 1290.000 1300.000 1310.000 1320.000 1330.000 1340.000 1350.000 1360.000 1370.000 1380.000 1390.000 1400.000
0.498 0.499 0.502 0.506 0.638 0.515 0.520 0.526 0.532 0.540 0.548 0.557 0.568 0.570 0.670 0.585 0.600 0.617 0.636 0.659 0.687 0.719 0.733 0.733 0.733 0.733 0.733 0.733 0.733 0.733 0.733 0.733 0.378 0.734 0.734 0.734 0.734 0.734 0.734 0.734 0.734 0.734 0.382 0.735 0.735 0.735 0.735 0.735 0.735 0.735 0.736 0.736 0.385 0.736 0.736 0.736 0.737 0.737 0.737 0.737 0.737 0.737 0.388 0.739 0.740 0.741 0.743 0.744 0.746 0.748 0.750 0.753 0.755 0.758 0.761 0.764 0.767 0.771 0.775 0.779 0.783 0.787 0.792 0.796 0.801 0.807 0.812 0.818 0.823 0.829 0.836 0.842 0.849 0.856 0.863 0.870 0.877 0.885 0.893 0.902 0.910 0.919 0.928 0.937 0.947 0.957 0.967 0.977 0.988 1.000 1.000 1.000 1.000 1.000 1.000 1.000 1.000 1.000 1.000 1.000 1.000 1.000 1.000 1.000 1.000 1.000 1.000 1.000 1.000 1.000 1.000 1.000 1.000 1.000 1.000 1.000 1.000 1.000 1.000 1.000 1.000 1.000 1.000 1.000 1.000 1.000 1.000 1.000
O_PHASE
300.000 304.000 314.000 324.000 334.000 344.000 354.000 364.000 374.000 384.000 394.000 404.000 414.000 416.000 418.000 428.000 438.000 448.000 458.000 468.000 478.000 488.000 491.778 492.000 494.000 496.000 498.000 500.000 502.000 504.000 506.000 508.000 510.000 512.000 514.000 516.000 518.000 520.000 522.000 524.000 526.000 528.000 530.000 532.000 534.000 536.000 538.000 540.000 542.000 544.000 546.000 548.000 550.000 552.000 554.000 556.000 558.000 560.000 562.000 564.000 566.000 568.000 570.000 580.000 590.000 600.000 610.000 620.000 630.000 640.000 650.000 660.000 670.000 680.000 690.000 700.000 710.000 720.000 730.000 740.000 750.000 760.000 770.000 780.000 790.000 800.000 810.000 820.000 830.000 840.000 850.000 860.000 870.000 880.000 890.000 900.000 910.000 920.000 930.000 940.000 950.000 960.000 970.000 980.000 990.000 1000.000 1010.000 1020.000 1030.000 1040.000 1040.386
0.255 0.256 0.256 0.257 0.362 0.258 0.259 0.260 0.260 0.261 0.262 0.262 0.263 0.263 0.330 0.264 0.264 0.265 0.265 0.266 0.266 0.267 0.267 0.267 0.267 0.267 0.267 0.267 0.267 0.267 0.267 0.267 0.622 0.266 0.266 0.266 0.266 0.266 0.266 0.266 0.266 0.266 0.618 0.265 0.265 0.265 0.265 0.265 0.265 0.265 0.264 0.264 0.615 0.264 0.264 0.264 0.263 0.263 0.263 0.263 0.263 0.263 0.612 0.261 0.260 0.259 0.257 0.256 0.254 0.252 0.250 0.247 0.245 0.242 0.239 0.236 0.233 0.229 0.225 0.221 0.217 0.213 0.208 0.204 0.199 0.193 0.188 0.182 0.177 0.171 0.164 0.158 0.151 0.144 0.137 0.130 0.123 0.115 0.107 0.098 0.090 0.081 0.072 0.063 0.053 0.043 0.033 0.023 0.012 0.000 0.000
CR3SI_A15
300.000 304.000 314.000 324.000 334.000 344.000 354.000 364.000 374.000 384.000 394.000 404.000 414.000 416.000 418.000 428.000 438.000 448.000 458.000 468.000 478.000 488.000 491.778
0.247 0.245 0.241 0.237 0.000 0.227 0.221 0.215 0.207 0.199 0.191 0.181 0.169 0.167 0.000 0.151 0.136 0.119 0.098 0.075 0.047 0.014 0.000
