22 23 41 13
0.292 0.556 0.042 0.111
ALTI3_D019
300.000 305.200 315.200 325.200 335.200 345.200 355.200 365.200 375.200 385.200 395.200 405.200 415.200 425.200 435.200 435.600 436.000 438.000 440.000 442.000 444.000 446.000 448.000 450.000 452.000 454.000 456.000 458.000 460.000 470.000 480.000 490.000 500.000 510.000 520.000 530.000 540.000 550.000 560.000 570.000 580.000 590.000 600.000 610.000 620.000 630.000 640.000 650.000 660.000 670.000 680.000 690.000 700.000 710.000 711.010
0.240 0.240 0.240 0.241 0.241 0.241 0.241 0.241 0.241 0.241 0.241 0.241 0.240 0.239 0.236 0.236 0.000 0.235 0.234 0.234 0.232 0.231 0.229 0.227 0.225 0.220 0.213 0.199 0.189 0.166 0.152 0.141 0.131 0.123 0.115 0.107 0.100 0.093 0.087 0.080 0.074 0.068 0.062 0.056 0.050 0.044 0.039 0.033 0.027 0.022 0.016 0.011 0.006 0.001 0.000
BCC_B2
300.000 305.200 315.200 325.200 335.200 345.200 355.200 365.200 375.200 385.200 395.200 405.200 415.200 425.200 435.200 435.600 436.000 438.000 440.000 442.000 444.000 446.000 448.000 450.000 452.000 454.000 456.000 458.000 460.000 470.000 480.000 490.000 500.000 510.000 520.000 530.000 540.000 550.000 560.000 570.000 580.000 590.000 600.000 610.000 620.000 630.000 640.000 650.000 660.000 670.000 680.000 690.000 700.000 710.000 711.010 720.000 730.000 740.000 750.000 760.000 770.000 780.000 790.000 800.000 810.000 820.000 830.000 840.000 850.000 860.000 870.000 880.000 890.000 900.000 910.000 920.000 930.000 940.000 950.000 960.000 970.000 980.000 990.000 1000.000 1009.442 1009.442 1010.000 1020.000 1030.000 1040.000 1050.000 1060.000 1070.000 1080.000 1090.000 1100.000 1110.000 1120.000 1130.000 1140.000 1150.000 1160.000 1170.000 1180.000 1190.000 1200.000 1210.000 1220.000 1230.000 1240.000 1250.000 1260.000 1270.000 1280.000 1290.000 1300.000 1310.000 1320.000 1330.000 1340.000 1350.000 1360.000 1370.000 1380.000 1390.000 1400.000
0.577 0.577 0.577 0.577 0.577 0.578 0.578 0.579 0.579 0.580 0.581 0.582 0.584 0.586 0.589 0.589 0.602 0.590 0.591 0.592 0.593 0.594 0.596 0.598 0.601 0.605 0.612 0.625 0.635 0.658 0.671 0.682 0.692 0.700 0.708 0.715 0.722 0.728 0.735 0.741 0.747 0.753 0.758 0.764 0.769 0.775 0.780 0.785 0.790 0.796 0.801 0.806 0.811 0.816 0.817 0.819 0.821 0.824 0.828 0.831 0.835 0.839 0.843 0.848 0.853 0.858 0.863 0.869 0.874 0.881 0.887 0.893 0.900 0.907 0.914 0.922 0.930 0.937 0.946 0.954 0.963 0.972 0.981 0.991 1.000 1.000 1.000 1.000 1.000 1.000 1.000 1.000 1.000 1.000 1.000 1.000 1.000 1.000 1.000 1.000 1.000 1.000 1.000 1.000 1.000 1.000 1.000 1.000 1.000 1.000 1.000 1.000 1.000 1.000 1.000 1.000 1.000 1.000 1.000 1.000 1.000 1.000 1.000 1.000 1.000 1.000
O_PHASE
300.000 305.200 315.200 325.200 335.200 345.200 355.200 365.200 375.200 385.200 395.200 405.200 415.200 425.200 435.200 435.600 436.000 438.000 440.000 442.000 444.000 446.000 448.000 450.000 452.000 454.000 456.000 458.000 460.000 470.000 480.000 490.000 500.000 510.000 520.000 530.000 540.000 550.000 560.000 570.000 580.000 590.000 600.000 610.000 620.000 630.000 640.000 650.000 660.000 670.000 680.000 690.000 700.000 710.000 711.010 720.000 730.000 740.000 750.000 760.000 770.000 780.000 790.000 800.000 810.000 820.000 830.000 840.000 850.000 860.000 870.000 880.000 890.000 900.000 910.000 920.000 930.000 940.000 950.000 960.000 970.000 980.000 990.000 1000.000 1009.442
0.183 0.183 0.183 0.182 0.182 0.181 0.181 0.180 0.179 0.179 0.178 0.177 0.176 0.176 0.175 0.175 0.398 0.175 0.175 0.175 0.175 0.174 0.174 0.174 0.174 0.175 0.175 0.176 0.176 0.177 0.177 0.177 0.177 0.177 0.177 0.178 0.178 0.178 0.178 0.179 0.179 0.179 0.180 0.180 0.181 0.181 0.181 0.182 0.182 0.183 0.183 0.183 0.183 0.183 0.183 0.181 0.179 0.176 0.172 0.169 0.165 0.161 0.157 0.152 0.147 0.142 0.137 0.131 0.126 0.119 0.113 0.107 0.100 0.093 0.086 0.078 0.070 0.063 0.054 0.046 0.037 0.028 0.019 0.009 0.000
