22 23 41 13
0.319 0.528 0.042 0.111
ALTI3_D019
300.000 307.200 317.200 327.200 337.200 347.200 357.200 367.200 377.200 387.200 397.200 407.200 417.200 427.200 437.200 437.600 nan 437.600 438.000 440.000 442.000 444.000 446.000 448.000 450.000 452.000 454.000 456.000 458.000 460.000 462.000 464.000 466.000 468.000 470.000 480.000 490.000 500.000 510.000 520.000 530.000 540.000 550.000 560.000 570.000 580.000 590.000 600.000 610.000 620.000 630.000 640.000 650.000 660.000 670.000 680.000 690.000 700.000 710.000 720.000 730.000 740.000 750.000 760.000 770.000 780.000 789.260 nan 960.137 970.000 980.000 990.000 1000.000 1004.695 1004.695 1010.000 1020.000 1030.000 1040.000 1050.000 1053.386
0.267 0.267 0.266 0.266 0.266 0.266 0.266 0.266 0.266 0.266 0.266 0.265 0.265 0.264 0.262 0.262 nan 0.597 0.000 0.261 0.261 0.260 0.259 0.258 0.257 0.256 0.254 0.252 0.249 0.241 0.216 0.208 0.202 0.197 0.193 0.178 0.167 0.157 0.148 0.141 0.133 0.126 0.120 0.113 0.107 0.101 0.095 0.089 0.084 0.078 0.073 0.067 0.062 0.057 0.052 0.047 0.042 0.037 0.032 0.028 0.023 0.019 0.015 0.011 0.007 0.003 0.000 nan 0.000 0.006 0.012 0.020 0.028 0.033 0.033 0.029 0.023 0.016 0.009 0.002 0.000
BCC_B2#2
300.000 307.200 317.200 327.200 337.200 347.200 357.200 367.200 377.200 387.200 397.200 407.200 417.200 427.200 437.200 437.600
0.549 0.549 0.550 0.550 0.550 0.551 0.551 0.552 0.553 0.553 0.554 0.555 0.557 0.559 0.561 0.561
O_PHASE
300.000 307.200 317.200 327.200 337.200 347.200 357.200 367.200 377.200 387.200 397.200 407.200 417.200 427.200 437.200 437.600 nan 437.600 438.000 440.000 442.000 444.000 446.000 448.000 450.000 452.000 454.000 456.000 458.000 460.000 462.000 464.000 466.000 468.000 470.000 480.000 490.000 500.000 510.000 520.000 530.000 540.000 550.000 560.000 570.000 580.000 590.000 600.000 610.000 620.000 630.000 640.000 650.000 660.000 670.000 680.000 690.000 700.000 710.000 720.000 730.000 740.000 750.000 760.000 770.000 780.000 789.260 790.000 800.000 810.000 820.000 830.000 840.000 850.000 860.000 870.000 880.000 890.000 900.000 910.000 920.000 930.000 940.000 950.000 960.000 960.137 970.000 980.000 990.000 1000.000 1004.695
0.184 0.184 0.184 0.184 0.183 0.183 0.182 0.182 0.181 0.181 0.180 0.179 0.179 0.178 0.177 0.177 nan 0.403 0.414 0.177 0.176 0.176 0.176 0.176 0.176 0.176 0.176 0.176 0.176 0.176 0.177 0.177 0.178 0.178 0.178 0.178 0.177 0.177 0.177 0.177 0.177 0.177 0.177 0.177 0.176 0.176 0.177 0.177 0.177 0.177 0.177 0.177 0.177 0.177 0.177 0.177 0.177 0.176 0.176 0.176 0.175 0.175 0.174 0.173 0.172 0.170 0.169 0.169 0.165 0.160 0.156 0.151 0.146 0.141 0.136 0.130 0.124 0.118 0.112 0.105 0.098 0.091 0.084 0.076 0.068 0.068 0.055 0.041 0.025 0.008 0.000
BCC_B2
437.600 438.000 440.000 442.000 444.000 446.000 448.000 450.000 452.000 454.000 456.000 458.000 460.000 462.000 464.000 466.000 468.000 470.000 480.000 490.000 500.000 510.000 520.000 530.000 540.000 550.000 560.000 570.000 580.000 590.000 600.000 610.000 620.000 630.000 640.000 650.000 660.000 670.000 680.000 690.000 700.000 710.000 720.000 730.000 740.000 750.000 760.000 770.000 780.000 789.260 790.000 800.000 810.000 820.000 830.000 840.000 850.000 860.000 870.000 880.000 890.000 900.000 910.000 920.000 930.000 940.000 950.000 960.000 960.137 970.000 980.000 990.000 1000.000 1004.695 1004.695 1010.000 1020.000 1030.000 1040.000 1050.000 1053.386 1053.386 1060.000 1070.000 1080.000 1090.000 1100.000 1110.000 1120.000 1130.000 1140.000 1150.000 1160.000 1170.000 1180.000 1190.000 1200.000 1210.000 1220.000 1230.000 1240.000 1250.000 1260.000 1270.000 1280.000 1290.000 1300.000 1310.000 1320.000 1330.000 1340.000 1350.000 1360.000 1370.000 1380.000 1390.000 1400.000
0.000 0.586 0.562 0.563 0.564 0.565 0.566 0.567 0.568 0.570 0.572 0.576 0.583 0.606 0.615 0.621 0.625 0.629 0.644 0.656 0.666 0.674 0.683 0.690 0.697 0.704 0.710 0.717 0.723 0.728 0.734 0.740 0.745 0.751 0.756 0.761 0.766 0.771 0.776 0.781 0.786 0.791 0.796 0.801 0.806 0.811 0.816 0.821 0.826 0.831 0.831 0.835 0.840 0.844 0.849 0.854 0.859 0.864 0.870 0.876 0.882 0.888 0.895 0.902 0.909 0.916 0.924 0.932 0.932 0.939 0.947 0.955 0.963 0.967 0.967 0.971 0.977 0.984 0.991 0.998 1.000 1.000 1.000 1.000 1.000 1.000 1.000 1.000 1.000 1.000 1.000 1.000 1.000 1.000 1.000 1.000 1.000 1.000 1.000 1.000 1.000 1.000 1.000 1.000 1.000 1.000 1.000 1.000 1.000 1.000 1.000 1.000 1.000 1.000 1.000 1.000 1.000
