22 23 41 13
0.319 0.514 0.056 0.111
ALTI3_D019
300.000 303.200 313.200 321.200 323.200 333.200 343.200 353.200 363.200 373.200 383.200 393.200 403.200 413.200 423.200 433.200 433.600 434.000 436.000 438.000 440.000 442.000 444.000 446.000 448.000 450.000 452.000 454.000 456.000 458.000 460.000 462.000 464.000 466.000 468.000 470.000 480.000 490.000 500.000 510.000 520.000 530.000 540.000 550.000 560.000 570.000 580.000 590.000 600.000 610.000 620.000 630.000 640.000 650.000 660.000 667.589 nan 1037.944 1040.000 1047.651 1047.651 1050.000 1060.000 1067.411
0.225 0.225 0.227 0.228 0.228 0.227 0.227 0.227 0.226 0.226 0.225 0.225 0.224 0.223 0.222 0.221 0.221 0.000 0.220 0.220 0.219 0.219 0.218 0.217 0.216 0.216 0.215 0.213 0.212 0.209 0.206 0.199 0.171 0.162 0.157 0.152 0.136 0.123 0.113 0.104 0.095 0.087 0.080 0.073 0.066 0.059 0.052 0.046 0.040 0.033 0.027 0.021 0.016 0.010 0.004 0.000 nan 0.000 0.003 0.014 0.014 0.012 0.005 0.000
BCC_B2
300.000 303.200 313.200 321.200 323.200 333.200 343.200 353.200 363.200 373.200 383.200 393.200 403.200 413.200 423.200 433.200 433.600 434.000 436.000 438.000 440.000 442.000 444.000 446.000 448.000 450.000 452.000 454.000 456.000 458.000 460.000 462.000 464.000 466.000 468.000 470.000 480.000 490.000 500.000 510.000 520.000 530.000 540.000 550.000 560.000 570.000 580.000 590.000 600.000 610.000 620.000 630.000 640.000 650.000 660.000 667.589 670.000 680.000 690.000 700.000 710.000 720.000 730.000 740.000 750.000 760.000 770.000 780.000 790.000 800.000 810.000 820.000 830.000 840.000 850.000 860.000 870.000 880.000 890.000 900.000 910.000 920.000 930.000 940.000 950.000 960.000 970.000 980.000 990.000 1000.000 1010.000 1020.000 1030.000 1037.944 1040.000 1047.651 1047.651 1050.000 1060.000 1067.411 1067.411 1070.000 1080.000 1090.000 1100.000 1110.000 1120.000 1130.000 1140.000 1150.000 1160.000 1170.000 1180.000 1190.000 1200.000 1210.000 1220.000 1230.000 1240.000 1250.000 1260.000 1270.000 1280.000 1290.000 1300.000 1310.000 1320.000 1330.000 1340.000 1350.000 1360.000 1370.000 1380.000 1390.000 1400.000
0.529 0.529 0.529 0.529 0.529 0.530 0.530 0.531 0.531 0.532 0.533 0.534 0.535 0.536 0.538 0.540 0.540 0.582 0.541 0.541 0.542 0.542 0.543 0.544 0.545 0.546 0.547 0.548 0.550 0.552 0.555 0.562 0.590 0.598 0.603 0.608 0.624 0.636 0.646 0.655 0.664 0.672 0.679 0.686 0.693 0.699 0.705 0.711 0.717 0.723 0.728 0.734 0.739 0.744 0.749 0.753 0.753 0.755 0.758 0.760 0.763 0.766 0.769 0.773 0.776 0.780 0.785 0.789 0.794 0.798 0.804 0.809 0.814 0.820 0.826 0.832 0.838 0.845 0.851 0.858 0.865 0.873 0.880 0.888 0.896 0.904 0.912 0.921 0.930 0.939 0.948 0.958 0.968 0.976 0.978 0.986 0.986 0.988 0.995 1.000 1.000 1.000 1.000 1.000 1.000 1.000 1.000 1.000 1.000 1.000 1.000 1.000 1.000 1.000 1.000 1.000 1.000 1.000 1.000 1.000 1.000 1.000 1.000 1.000 1.000 1.000 1.000 1.000 1.000 1.000 1.000 1.000 1.000 1.000 1.000
O_PHASE
300.000 303.200 313.200 321.200 323.200 333.200 343.200 353.200 363.200 373.200 383.200 393.200 403.200 413.200 423.200 433.200 433.600 434.000 436.000 438.000 440.000 442.000 444.000 446.000 448.000 450.000 452.000 454.000 456.000 458.000 460.000 462.000 464.000 466.000 468.000 470.000 480.000 490.000 500.000 510.000 520.000 530.000 540.000 550.000 560.000 570.000 580.000 590.000 600.000 610.000 620.000 630.000 640.000 650.000 660.000 667.589 670.000 680.000 690.000 700.000 710.000 720.000 730.000 740.000 750.000 760.000 770.000 780.000 790.000 800.000 810.000 820.000 830.000 840.000 850.000 860.000 870.000 880.000 890.000 900.000 910.000 920.000 930.000 940.000 950.000 960.000 970.000 980.000 990.000 1000.000 1010.000 1020.000 1030.000 1037.944 1040.000 1047.651
0.243 0.243 0.243 0.243 0.243 0.243 0.243 0.243 0.242 0.242 0.242 0.241 0.241 0.241 0.240 0.240 0.240 0.418 0.239 0.239 0.239 0.239 0.239 0.239 0.239 0.239 0.239 0.239 0.239 0.238 0.239 0.239 0.240 0.240 0.240 0.240 0.240 0.241 0.241 0.241 0.241 0.241 0.241 0.241 0.242 0.242 0.242 0.243 0.243 0.244 0.244 0.245 0.246 0.246 0.247 0.247 0.247 0.245 0.242 0.240 0.237 0.234 0.231 0.227 0.224 0.220 0.215 0.211 0.206 0.202 0.196 0.191 0.186 0.180 0.174 0.168 0.162 0.155 0.149 0.142 0.135 0.127 0.120 0.112 0.104 0.096 0.088 0.079 0.070 0.061 0.052 0.042 0.032 0.024 0.019 0.000
HCP_A3
300.000 303.200 313.200 321.200
0.004 0.003 0.001 0.000
