22 23 41 24
0.333 0.222 0.333 0.111
BCC_B2#2
700.000 703.282 703.282 704.000 706.000 708.000 710.000 712.000 714.000 716.000 718.000 720.000 722.000 724.000 726.000 728.000 730.000 732.000 734.000 736.000 736.902 740.000 750.000 760.000 770.000 780.000 790.000 800.000 807.670
0.205 0.203 0.203 0.202 0.198 0.194 0.189 0.184 0.178 0.172 0.165 0.156 0.147 0.136 0.124 0.110 0.095 0.080 0.064 0.049 0.042 0.040 0.035 0.030 0.024 0.019 0.012 0.006 0.000
BCC_B2
700.000 703.282 703.282 704.000 706.000 708.000 710.000 712.000 714.000 716.000 718.000 720.000 722.000 724.000 726.000 728.000 730.000 732.000 734.000 736.000 736.902 740.000 750.000 760.000 770.000 780.000 790.000 800.000 807.670 810.000 820.000 830.000 840.000 850.000 860.000 870.000 870.000 880.000 890.000 900.000 910.000 920.000 930.000 940.000 950.000 960.000 964.223 964.223 970.000 980.000 990.000 1000.000 1010.000 1020.000 1030.000 1040.000 1050.000 1060.000 1070.000 1080.000 1090.000 1100.000 1110.000 1120.000 1130.000 1140.000 1150.000 1160.000 1170.000 1180.000 1190.000 1200.000
0.627 0.633 0.633 0.635 0.640 0.646 0.652 0.659 0.667 0.676 0.687 0.699 0.712 0.728 0.746 0.767 0.789 0.813 0.839 0.864 0.876 0.878 0.883 0.889 0.895 0.902 0.909 0.916 0.922 0.923 0.928 0.932 0.936 0.941 0.945 0.950 0.950 0.955 0.960 0.965 0.970 0.975 0.981 0.986 0.992 0.998 1.000 1.000 1.000 1.000 1.000 1.000 1.000 1.000 1.000 1.000 1.000 1.000 1.000 1.000 1.000 1.000 1.000 1.000 1.000 1.000 1.000 1.000 1.000 1.000 1.000 1.000
HCP_A3
700.000 703.282 703.282 704.000 706.000 708.000 710.000 712.000 714.000 716.000 718.000 720.000 722.000 724.000 726.000 728.000 730.000 732.000 734.000 736.000 736.902
0.168 0.164 0.164 0.163 0.159 0.155 0.150 0.146 0.140 0.134 0.127 0.119 0.109 0.099 0.086 0.073 0.058 0.042 0.025 0.008 0.000
C15_LAVES
703.282 704.000 706.000 708.000 710.000 712.000 714.000 716.000 718.000 720.000 722.000 724.000 726.000 728.000 730.000 732.000 734.000 736.000 736.902 740.000 750.000 760.000 770.000 780.000 790.000 800.000 807.670 810.000 820.000 830.000 840.000 850.000 860.000 870.000 870.000 880.000 890.000 900.000 910.000 920.000 930.000 940.000 950.000 960.000 964.223
0.000 0.001 0.003 0.005 0.008 0.011 0.014 0.018 0.022 0.026 0.032 0.037 0.044 0.051 0.058 0.065 0.072 0.079 0.082 0.082 0.081 0.081 0.080 0.080 0.079 0.078 0.078 0.077 0.072 0.068 0.064 0.059 0.055 0.050 0.050 0.045 0.040 0.035 0.030 0.025 0.019 0.014 0.008 0.002 0.000
