22 23 41 24
0.347 0.222 0.319 0.111
BCC_B2#2
700.000 704.000 707.108 707.108 708.000 710.000 712.000 714.000 716.000 718.000 720.000 722.000 724.000 726.000 728.000 730.000 732.000 734.000 736.000 738.000 739.339 740.000 750.000 760.000 770.000 780.000 790.000 799.459
0.209 0.206 0.204 0.204 0.202 0.198 0.193 0.187 0.181 0.174 0.166 0.157 0.146 0.134 0.121 0.107 0.092 0.077 0.062 0.047 0.038 0.037 0.032 0.026 0.020 0.014 0.007 0.000
BCC_B2
700.000 704.000 707.108 707.108 708.000 710.000 712.000 714.000 716.000 718.000 720.000 722.000 724.000 726.000 728.000 730.000 732.000 734.000 736.000 738.000 739.339 740.000 750.000 760.000 770.000 780.000 790.000 799.459 800.000 810.000 820.000 830.000 840.000 850.000 860.000 870.000 870.000 880.000 890.000 900.000 910.000 920.000 930.000 940.000 950.000 956.429 956.429 960.000 970.000 980.000 990.000 1000.000 1010.000 1020.000 1030.000 1040.000 1050.000 1060.000 1070.000 1080.000 1090.000 1100.000 1110.000 1120.000 1130.000 1140.000 1150.000 1160.000 1170.000 1180.000 1190.000 1200.000
0.609 0.617 0.623 0.623 0.626 0.632 0.639 0.647 0.655 0.665 0.677 0.690 0.706 0.723 0.743 0.765 0.788 0.813 0.838 0.863 0.880 0.880 0.886 0.893 0.899 0.906 0.914 0.921 0.922 0.926 0.930 0.934 0.939 0.944 0.948 0.953 0.953 0.958 0.963 0.968 0.974 0.979 0.985 0.990 0.996 1.000 1.000 1.000 1.000 1.000 1.000 1.000 1.000 1.000 1.000 1.000 1.000 1.000 1.000 1.000 1.000 1.000 1.000 1.000 1.000 1.000 1.000 1.000 1.000 1.000 1.000 1.000
HCP_A3
700.000 704.000 707.108 707.108 708.000 710.000 712.000 714.000 716.000 718.000 720.000 722.000 724.000 726.000 728.000 730.000 732.000 734.000 736.000 738.000 739.339
0.182 0.177 0.173 0.173 0.171 0.167 0.162 0.156 0.150 0.143 0.136 0.127 0.116 0.104 0.091 0.077 0.061 0.045 0.028 0.011 0.000
C15_LAVES
707.108 708.000 710.000 712.000 714.000 716.000 718.000 720.000 722.000 724.000 726.000 728.000 730.000 732.000 734.000 736.000 738.000 739.339 740.000 750.000 760.000 770.000 780.000 790.000 799.459 800.000 810.000 820.000 830.000 840.000 850.000 860.000 870.000 870.000 880.000 890.000 900.000 910.000 920.000 930.000 940.000 950.000 956.429
0.000 0.001 0.004 0.006 0.010 0.013 0.017 0.021 0.026 0.032 0.038 0.045 0.052 0.059 0.066 0.072 0.078 0.082 0.082 0.082 0.081 0.081 0.080 0.079 0.079 0.078 0.074 0.070 0.066 0.061 0.056 0.052 0.047 0.047 0.042 0.037 0.032 0.026 0.021 0.015 0.010 0.004 0.000
