22 23 41 24
0.347 0.306 0.236 0.111
BCC_B2#3
700.000 702.000 704.000 706.000 708.000 710.000 712.000 714.000 716.000 718.000 720.000 730.000 739.679 740.000 750.000 759.832 759.832 760.000 768.606
0.338 0.334 0.330 0.326 0.321 0.316 0.311 0.306 0.300 0.294 0.288 0.252 0.212 0.212 0.195 0.176 0.176 0.173 0.000
BCC_B2
700.000 702.000 704.000 706.000 708.000 710.000 712.000 714.000 716.000 718.000 720.000 730.000 739.679 740.000 750.000 759.832 759.832 760.000 768.606 770.000 770.000 780.000 790.000 800.000 810.000 820.000 830.000 840.000 848.334 850.000 860.000 870.000 870.000 880.000 890.000 900.000 910.000 920.000 930.000 940.000 950.000 960.000 970.000 980.000 990.000 1000.000 1010.000 1020.000 1030.000 1040.000 1050.000 1060.000 1070.000 1080.000 1090.000 1100.000 1110.000 1120.000 1130.000 1140.000 1150.000 1160.000 1170.000 1180.000 1190.000 1200.000
0.525 0.532 0.540 0.548 0.557 0.567 0.577 0.588 0.600 0.612 0.625 0.700 0.788 0.788 0.805 0.824 0.824 0.825 0.871 0.873 0.873 0.883 0.895 0.908 0.922 0.939 0.957 0.979 1.000 1.000 1.000 1.000 1.000 1.000 1.000 1.000 1.000 1.000 1.000 1.000 1.000 1.000 1.000 1.000 1.000 1.000 1.000 1.000 1.000 1.000 1.000 1.000 1.000 1.000 1.000 1.000 1.000 1.000 1.000 1.000 1.000 1.000 1.000 1.000 1.000 1.000
HCP_A3
700.000 702.000 704.000 706.000 708.000 710.000 712.000 714.000 716.000 718.000 720.000 730.000 739.679
0.138 0.134 0.130 0.126 0.122 0.117 0.112 0.106 0.100 0.094 0.087 0.048 0.000
BCC_B2#2
759.832 760.000 768.606 770.000 770.000 780.000 790.000 800.000 810.000 820.000 830.000 840.000 848.334
0.000 0.002 0.129 0.127 0.127 0.117 0.105 0.092 0.078 0.061 0.043 0.021 0.000
