22 23 41 24
0.361 0.250 0.278 0.111
BCC_B2#2
700.000 708.000 718.000 728.000 730.049 730.049 732.000 734.000 736.000 738.000 740.000 743.667 750.000 760.000 770.000 780.000 790.000 800.000 810.000 820.000 830.000 840.000 850.000 859.018
0.228 0.219 0.205 0.187 0.183 0.183 0.170 0.156 0.142 0.129 0.116 0.093 0.089 0.084 0.078 0.072 0.065 0.058 0.050 0.041 0.032 0.022 0.011 0.000
BCC_B2
700.000 708.000 718.000 728.000 730.049 730.049 732.000 734.000 736.000 738.000 740.000 743.667 750.000 760.000 770.000 780.000 790.000 800.000 810.000 820.000 830.000 840.000 850.000 859.018 860.000 870.000 880.000 890.000 898.706 898.706 900.000 910.000 920.000 930.000 940.000 950.000 960.000 970.000 980.000 990.000 1000.000 1010.000 1020.000 1030.000 1040.000 1050.000 1060.000 1070.000 1080.000 1090.000 1100.000 1110.000 1120.000 1130.000 1140.000 1150.000 1160.000 1170.000 1180.000 1190.000 1200.000
0.585 0.609 0.647 0.699 0.711 0.711 0.733 0.755 0.779 0.802 0.826 0.869 0.873 0.880 0.887 0.894 0.902 0.910 0.920 0.929 0.940 0.951 0.964 0.976 0.977 0.983 0.989 0.995 1.000 1.000 1.000 1.000 1.000 1.000 1.000 1.000 1.000 1.000 1.000 1.000 1.000 1.000 1.000 1.000 1.000 1.000 1.000 1.000 1.000 1.000 1.000 1.000 1.000 1.000 1.000 1.000 1.000 1.000 1.000 1.000 1.000
HCP_A3
700.000 708.000 718.000 728.000 730.049 730.049 732.000 734.000 736.000 738.000 740.000 743.667
0.187 0.172 0.148 0.114 0.106 0.106 0.091 0.076 0.061 0.045 0.029 0.000
C15_LAVES
730.049 732.000 734.000 736.000 738.000 740.000 743.667 750.000 760.000 770.000 780.000 790.000 800.000 810.000 820.000 830.000 840.000 850.000 859.018 860.000 870.000 880.000 890.000 898.706 898.706
0.000 0.006 0.012 0.018 0.024 0.029 0.038 0.037 0.036 0.035 0.034 0.033 0.032 0.031 0.029 0.028 0.027 0.025 0.024 0.023 0.017 0.011 0.005 0.000 0.000
