22 23 41 24
0.361 0.250 0.264 0.125
BCC_B2#2
700.000 702.000 712.000 722.000 725.943 725.943 726.000 728.000 730.000 732.000 734.000 736.000 738.000 740.000 745.813 750.000 760.000 770.000 780.000 790.000 800.000 810.000 820.000 830.000 840.000 850.000 860.000 868.102
0.258 0.256 0.245 0.231 0.225 0.225 0.224 0.213 0.201 0.188 0.175 0.162 0.150 0.137 0.103 0.101 0.096 0.090 0.084 0.077 0.070 0.062 0.054 0.045 0.034 0.023 0.011 0.000
BCC_B2
700.000 702.000 712.000 722.000 725.943 725.943 726.000 728.000 730.000 732.000 734.000 736.000 738.000 740.000 745.813 750.000 760.000 770.000 780.000 790.000 800.000 810.000 820.000 830.000 840.000 850.000 860.000 868.102 870.000 880.000 890.000 900.000 910.000 920.000 923.397 923.397 930.000 940.000 950.000 960.000 970.000 980.000 990.000 1000.000 1010.000 1020.000 1030.000 1040.000 1050.000 1060.000 1070.000 1080.000 1090.000 1100.000 1110.000 1120.000 1130.000 1140.000 1150.000 1160.000 1170.000 1180.000 1190.000 1200.000
0.543 0.547 0.576 0.615 0.634 0.634 0.634 0.652 0.671 0.691 0.713 0.735 0.757 0.779 0.845 0.848 0.854 0.861 0.868 0.876 0.885 0.894 0.904 0.914 0.926 0.939 0.953 0.965 0.966 0.972 0.978 0.985 0.991 0.998 1.000 1.000 1.000 1.000 1.000 1.000 1.000 1.000 1.000 1.000 1.000 1.000 1.000 1.000 1.000 1.000 1.000 1.000 1.000 1.000 1.000 1.000 1.000 1.000 1.000 1.000 1.000 1.000 1.000 1.000
HCP_A3
700.000 702.000 712.000 722.000 725.943 725.943 726.000 728.000 730.000 732.000 734.000 736.000 738.000 740.000 745.813
0.200 0.197 0.179 0.154 0.141 0.141 0.141 0.129 0.117 0.103 0.089 0.074 0.059 0.044 0.000
C15_LAVES
725.943 726.000 728.000 730.000 732.000 734.000 736.000 738.000 740.000 745.813 750.000 760.000 770.000 780.000 790.000 800.000 810.000 820.000 830.000 840.000 850.000 860.000 868.102 870.000 880.000 890.000 900.000 910.000 920.000 923.397 923.397
0.000 0.000 0.006 0.012 0.018 0.024 0.029 0.034 0.039 0.052 0.051 0.050 0.049 0.048 0.046 0.045 0.044 0.042 0.041 0.039 0.038 0.036 0.035 0.034 0.028 0.022 0.015 0.009 0.002 0.000 0.000
