22 23 41 24
0.361 0.222 0.306 0.111
BCC_B2#2
700.000 708.000 711.437 711.437 712.000 714.000 716.000 718.000 720.000 722.000 724.000 726.000 728.000 730.000 732.000 734.000 736.000 738.000 740.000 741.843 750.000 760.000 770.000 780.000 790.000 792.539
0.211 0.205 0.202 0.202 0.201 0.196 0.190 0.183 0.175 0.166 0.156 0.144 0.132 0.118 0.103 0.089 0.074 0.060 0.046 0.034 0.029 0.023 0.016 0.009 0.002 0.000
BCC_B2
700.000 708.000 711.437 711.437 712.000 714.000 716.000 718.000 720.000 722.000 724.000 726.000 728.000 730.000 732.000 734.000 736.000 738.000 740.000 741.843 750.000 760.000 770.000 780.000 790.000 792.539 800.000 810.000 820.000 830.000 840.000 850.000 860.000 870.000 870.000 880.000 890.000 900.000 910.000 920.000 930.000 940.000 946.507 950.000 960.000 970.000 980.000 990.000 1000.000 1010.000 1020.000 1030.000 1040.000 1050.000 1060.000 1070.000 1080.000 1090.000 1100.000 1110.000 1120.000 1130.000 1140.000 1150.000 1160.000 1170.000 1180.000 1190.000 1200.000
0.593 0.610 0.619 0.619 0.620 0.628 0.636 0.646 0.657 0.670 0.685 0.702 0.721 0.742 0.765 0.789 0.813 0.838 0.863 0.886 0.891 0.897 0.904 0.912 0.920 0.922 0.925 0.930 0.934 0.939 0.943 0.948 0.953 0.958 0.958 0.963 0.968 0.974 0.979 0.985 0.990 0.996 1.000 1.000 1.000 1.000 1.000 1.000 1.000 1.000 1.000 1.000 1.000 1.000 1.000 1.000 1.000 1.000 1.000 1.000 1.000 1.000 1.000 1.000 1.000 1.000 1.000 1.000 1.000
HCP_A3
700.000 708.000 711.437 711.437 712.000 714.000 716.000 718.000 720.000 722.000 724.000 726.000 728.000 730.000 732.000 734.000 736.000 738.000 740.000 741.843
0.196 0.185 0.179 0.179 0.178 0.173 0.167 0.160 0.152 0.144 0.134 0.122 0.109 0.095 0.080 0.064 0.048 0.032 0.015 0.000
C15_LAVES
711.437 712.000 714.000 716.000 718.000 720.000 722.000 724.000 726.000 728.000 730.000 732.000 734.000 736.000 738.000 740.000 741.843 750.000 760.000 770.000 780.000 790.000 792.539 800.000 810.000 820.000 830.000 840.000 850.000 860.000 870.000 870.000 880.000 890.000 900.000 910.000 920.000 930.000 940.000 946.507
0.000 0.001 0.004 0.007 0.011 0.015 0.020 0.025 0.031 0.038 0.045 0.051 0.058 0.064 0.070 0.076 0.081 0.080 0.080 0.079 0.079 0.078 0.078 0.075 0.070 0.066 0.061 0.057 0.052 0.047 0.042 0.042 0.037 0.032 0.026 0.021 0.015 0.010 0.004 0.000
