22 23 41 24
0.375 0.236 0.264 0.125
C15_LAVES
300.000 306.000 316.000 326.000 336.000 346.000 356.000 366.000 376.000 377.259 nan 718.810 720.000 722.000 724.000 726.000 728.000 730.000 732.000 734.000 736.000 738.000 740.000 747.989 750.000 760.000 770.000 780.000 790.000 800.000 810.000 820.000 830.000 835.916 840.000 850.000 860.000 870.000 880.000 890.000 900.000 910.000 920.000 930.000 939.699
0.031 0.028 0.024 0.020 0.015 0.012 0.008 0.004 0.000 0.000 nan 0.000 0.002 0.006 0.011 0.016 0.022 0.028 0.034 0.040 0.045 0.050 0.055 0.071 0.071 0.070 0.069 0.068 0.067 0.066 0.065 0.064 0.063 0.062 0.060 0.054 0.049 0.043 0.037 0.031 0.025 0.019 0.013 0.006 0.000
BCC_B2#2
300.000 306.000 316.000 326.000 336.000 346.000 356.000 366.000 376.000 377.259 386.000 396.000 406.000 416.000 426.000 436.000 446.000 456.000 466.000 476.000 486.000 496.000 506.000 516.000 526.000 536.000 546.000 556.000 566.000 576.000 586.000 591.123 591.123 596.000 606.000 616.000 626.000 636.000 646.000 656.000 666.000 676.000 686.000 696.000 706.000 707.503 716.000 718.810 718.810 718.810 720.000 722.000 724.000 726.000 728.000 730.000 732.000 734.000 736.000 738.000 740.000 747.989 750.000 760.000 770.000 780.000 790.000 800.000 810.000 820.000 830.000 835.916
0.284 0.285 0.287 0.289 0.291 0.292 0.294 0.295 0.297 0.297 0.296 0.296 0.295 0.294 0.294 0.293 0.292 0.292 0.291 0.290 0.290 0.289 0.288 0.287 0.286 0.286 0.285 0.284 0.283 0.282 0.281 0.280 0.280 0.269 0.249 0.232 0.218 0.207 0.198 0.192 0.188 0.188 0.194 0.208 0.239 0.246 0.238 0.234 0.234 0.234 0.230 0.223 0.214 0.204 0.192 0.180 0.168 0.155 0.142 0.130 0.117 0.072 0.071 0.065 0.058 0.051 0.044 0.035 0.027 0.017 0.007 0.000
BCC_B2
300.000 306.000 316.000 326.000 336.000 346.000 356.000 366.000 376.000 377.259 386.000 396.000 406.000 416.000 426.000 436.000 446.000 456.000 466.000 476.000 486.000 496.000 506.000 516.000 526.000 536.000 546.000 556.000 566.000 576.000 586.000 591.123 591.123 596.000 606.000 616.000 626.000 636.000 646.000 656.000 666.000 676.000 686.000 696.000 706.000 707.503 716.000 718.810 718.810 718.810 720.000 722.000 724.000 726.000 728.000 730.000 732.000 734.000 736.000 738.000 740.000 747.989 750.000 760.000 770.000 780.000 790.000 800.000 810.000 820.000 830.000 835.916 840.000 850.000 860.000 870.000 880.000 890.000 900.000 910.000 920.000 930.000 939.699 939.699 940.000 950.000 960.000 970.000 980.000 990.000 1000.000 1010.000 1020.000 1030.000 1040.000 1050.000 1060.000 1070.000 1080.000 1090.000 1100.000 1110.000 1120.000 1130.000 1140.000 1150.000 1160.000 1170.000 1180.000 1190.000 1200.000 1210.000 1220.000 1230.000 1240.000 1250.000 1260.000 1270.000 1280.000 1290.000 1300.000 1310.000 1320.000 1330.000 1340.000 1350.000 1360.000 1370.000 1380.000 1390.000 1400.000
0.391 0.393 0.395 0.398 0.400 0.402 0.405 0.407 0.410 0.410 0.411 0.411 0.412 0.413 0.414 0.415 0.417 0.418 0.419 0.420 0.422 0.423 0.425 0.427 0.429 0.431 0.433 0.435 0.437 0.440 0.443 0.445 0.445 0.446 0.448 0.451 0.455 0.459 0.463 0.469 0.476 0.486 0.498 0.514 0.540 0.546 0.569 0.579 0.579 0.579 0.585 0.596 0.610 0.625 0.642 0.661 0.681 0.702 0.724 0.746 0.768 0.857 0.858 0.865 0.873 0.881 0.889 0.898 0.908 0.919 0.931 0.938 0.940 0.946 0.951 0.957 0.963 0.969 0.975 0.981 0.987 0.994 1.000 1.000 1.000 1.000 1.000 1.000 1.000 1.000 1.000 1.000 1.000 1.000 1.000 1.000 1.000 1.000 1.000 1.000 1.000 1.000 1.000 1.000 1.000 1.000 1.000 1.000 1.000 1.000 1.000 1.000 1.000 1.000 1.000 1.000 1.000 1.000 1.000 1.000 1.000 1.000 1.000 1.000 1.000 1.000 1.000 1.000 1.000 1.000 1.000
HCP_A3
300.000 306.000 316.000 326.000 336.000 346.000 356.000 366.000 376.000 377.259 386.000 396.000 406.000 416.000 426.000 436.000 446.000 456.000 466.000 476.000 486.000 496.000 506.000 516.000 526.000 536.000 546.000 556.000 566.000 576.000 586.000 591.123 591.123 596.000 606.000 616.000 626.000 636.000 646.000 656.000 666.000 676.000 686.000 696.000 706.000 707.503 716.000 718.810 718.810 718.810 720.000 722.000 724.000 726.000 728.000 730.000 732.000 734.000 736.000 738.000 740.000 747.989
0.294 0.294 0.294 0.294 0.294 0.294 0.294 0.293 0.293 0.293 0.293 0.293 0.293 0.292 0.292 0.291 0.291 0.291 0.290 0.289 0.289 0.288 0.287 0.286 0.285 0.284 0.283 0.281 0.280 0.278 0.276 0.275 0.275 0.272 0.267 0.263 0.258 0.254 0.250 0.245 0.240 0.235 0.228 0.221 0.210 0.208 0.193 0.187 0.187 0.187 0.182 0.175 0.166 0.155 0.144 0.131 0.118 0.104 0.089 0.074 0.060 0.000
BCC_B2#3
591.123 596.000 606.000 616.000 626.000 636.000 646.000 656.000 666.000 676.000 686.000 696.000 706.000 707.503
0.000 0.013 0.036 0.054 0.069 0.080 0.089 0.094 0.095 0.092 0.081 0.057 0.010 0.000
