22 23 41 24
0.375 0.194 0.319 0.111
C15_LAVES
300.000 306.000 316.000 326.000 336.000 346.000 356.000 366.000 376.000 386.000 396.000 406.000 416.000 426.000 436.000 446.000 456.000 466.000 466.868 nan 639.354 640.000 642.000 644.000 646.000 648.000 650.000 652.000 654.000 656.000 658.000 660.000 662.000 664.000 666.000 668.000 670.000 672.000 674.000 676.000 678.000 680.000 682.000 684.000 686.000 688.000 690.000 692.000 694.000 696.000 698.000 700.000 702.000 704.000 706.000 708.000 710.000 712.000 714.000 716.000 718.000 720.000 722.000 724.000 726.000 728.000 730.000 732.000 734.000 736.000 738.000 739.200 740.000 746.582 746.582 750.000 760.000 770.000 780.000 790.000 800.000 810.000 820.000 830.000 840.000 850.000 860.000 870.000 880.000 890.000 900.000 910.000 920.000 930.000 940.000 950.000 960.000 970.000 980.000 989.240
0.040 0.038 0.035 0.031 0.028 0.026 0.023 0.020 0.017 0.015 0.013 0.011 0.009 0.007 0.005 0.003 0.002 0.000 0.000 nan 0.000 0.000 0.001 0.001 0.001 0.002 0.002 0.003 0.003 0.004 0.004 0.005 0.005 0.006 0.007 0.007 0.008 0.009 0.010 0.010 0.011 0.012 0.013 0.014 0.015 0.016 0.018 0.019 0.020 0.022 0.023 0.025 0.027 0.029 0.031 0.033 0.035 0.038 0.041 0.045 0.049 0.053 0.058 0.063 0.069 0.076 0.083 0.090 0.096 0.103 0.109 0.113 0.112 0.108 0.108 0.107 0.104 0.100 0.097 0.093 0.090 0.086 0.082 0.078 0.074 0.070 0.065 0.061 0.057 0.052 0.047 0.042 0.037 0.032 0.027 0.022 0.017 0.011 0.005 0.000
BCC_B2#2
300.000 306.000 316.000 326.000 336.000 346.000 356.000 366.000 376.000 386.000 396.000 406.000 416.000 426.000 436.000 446.000 456.000 466.000 466.868 476.000 486.000 496.000 506.000 516.000 526.000 536.000 546.000 556.000 566.000 576.000 586.000 596.000 606.000 616.000 626.000 636.000 639.354 639.354 640.000 642.000 644.000 646.000 648.000 650.000 652.000 654.000 656.000 658.000 660.000 662.000 664.000 666.000 668.000 670.000 672.000 674.000 676.000 678.000 680.000 682.000 684.000 686.000 688.000 690.000 692.000 694.000 696.000 698.000 700.000 702.000 704.000 706.000 708.000 710.000 712.000 714.000 716.000 718.000 720.000 722.000 724.000 726.000 728.000 730.000 732.000 734.000 736.000 738.000 739.200
0.223 0.224 0.225 0.226 0.227 0.228 0.229 0.230 0.231 0.232 0.232 0.233 0.233 0.233 0.234 0.234 0.234 0.234 0.234 0.233 0.232 0.231 0.230 0.229 0.228 0.227 0.226 0.225 0.224 0.223 0.222 0.221 0.219 0.218 0.217 0.215 0.214 0.214 0.214 0.214 0.213 0.212 0.211 0.211 0.210 0.209 0.208 0.207 0.207 0.206 0.205 0.204 0.203 0.201 0.200 0.199 0.198 0.196 0.195 0.193 0.192 0.190 0.188 0.186 0.184 0.182 0.180 0.177 0.175 0.172 0.168 0.165 0.161 0.157 0.152 0.146 0.140 0.133 0.125 0.116 0.106 0.094 0.081 0.067 0.053 0.038 0.023 0.009 0.000
BCC_B2
300.000 306.000 316.000 326.000 336.000 346.000 356.000 366.000 376.000 386.000 396.000 406.000 416.000 426.000 436.000 446.000 456.000 466.000 466.868 476.000 486.000 496.000 506.000 516.000 526.000 536.000 546.000 556.000 566.000 576.000 586.000 596.000 606.000 616.000 626.000 636.000 639.354 639.354 640.000 642.000 644.000 646.000 648.000 650.000 652.000 654.000 656.000 658.000 660.000 662.000 664.000 666.000 668.000 670.000 672.000 674.000 676.000 678.000 680.000 682.000 684.000 686.000 688.000 690.000 692.000 694.000 696.000 698.000 700.000 702.000 704.000 706.000 708.000 710.000 712.000 714.000 716.000 718.000 720.000 722.000 724.000 726.000 728.000 730.000 732.000 734.000 736.000 738.000 739.200 740.000 746.582 746.582 750.000 760.000 770.000 780.000 790.000 800.000 810.000 820.000 830.000 840.000 850.000 860.000 870.000 880.000 890.000 900.000 910.000 920.000 930.000 940.000 950.000 960.000 970.000 980.000 989.240 989.240 990.000 1000.000 1010.000 1020.000 1030.000 1040.000 1050.000 1060.000 1070.000 1080.000 1090.000 1100.000 1110.000 1120.000 1130.000 1140.000 1150.000 1160.000 1170.000 1180.000 1190.000 1200.000 1210.000 1220.000 1230.000 1240.000 1250.000 1260.000 1270.000 1280.000 1290.000 1300.000 1310.000 1320.000 1330.000 1340.000 1350.000 1360.000 1370.000 1380.000 1390.000 1400.000
0.454 0.455 0.457 0.459 0.461 0.463 0.465 0.467 0.469 0.471 0.473 0.475 0.477 0.479 0.481 0.483 0.485 0.487 0.487 0.488 0.490 0.491 0.493 0.495 0.497 0.499 0.501 0.504 0.506 0.509 0.512 0.515 0.519 0.523 0.527 0.532 0.533 0.533 0.534 0.535 0.536 0.537 0.538 0.539 0.540 0.541 0.543 0.544 0.545 0.547 0.548 0.550 0.551 0.553 0.555 0.556 0.558 0.560 0.562 0.565 0.567 0.569 0.572 0.574 0.577 0.580 0.584 0.587 0.591 0.595 0.600 0.605 0.610 0.616 0.623 0.630 0.639 0.649 0.660 0.673 0.688 0.705 0.724 0.746 0.768 0.792 0.817 0.841 0.856 0.860 0.892 0.892 0.893 0.896 0.900 0.903 0.907 0.910 0.914 0.918 0.922 0.926 0.930 0.935 0.939 0.943 0.948 0.953 0.958 0.963 0.968 0.973 0.978 0.983 0.989 0.995 1.000 1.000 1.000 1.000 1.000 1.000 1.000 1.000 1.000 1.000 1.000 1.000 1.000 1.000 1.000 1.000 1.000 1.000 1.000 1.000 1.000 1.000 1.000 1.000 1.000 1.000 1.000 1.000 1.000 1.000 1.000 1.000 1.000 1.000 1.000 1.000 1.000 1.000 1.000 1.000 1.000 1.000 1.000 1.000
HCP_A3
300.000 306.000 316.000 326.000 336.000 346.000 356.000 366.000 376.000 386.000 396.000 406.000 416.000 426.000 436.000 446.000 456.000 466.000 466.868 476.000 486.000 496.000 506.000 516.000 526.000 536.000 546.000 556.000 566.000 576.000 586.000 596.000 606.000 616.000 626.000 636.000 639.354 639.354 640.000 642.000 644.000 646.000 648.000 650.000 652.000 654.000 656.000 658.000 660.000 662.000 664.000 666.000 668.000 670.000 672.000 674.000 676.000 678.000 680.000 682.000 684.000 686.000 688.000 690.000 692.000 694.000 696.000 698.000 700.000 702.000 704.000 706.000 708.000 710.000 712.000 714.000 716.000 718.000 720.000 722.000 724.000 726.000 728.000 730.000 732.000 734.000 736.000 738.000 739.200 740.000 746.582 746.582
0.283 0.283 0.283 0.283 0.283 0.283 0.283 0.283 0.283 0.282 0.282 0.282 0.282 0.281 0.281 0.280 0.280 0.279 0.279 0.279 0.278 0.277 0.277 0.276 0.275 0.274 0.272 0.271 0.270 0.268 0.266 0.264 0.262 0.259 0.257 0.253 0.252 0.252 0.252 0.251 0.250 0.250 0.249 0.248 0.247 0.246 0.245 0.244 0.243 0.242 0.241 0.240 0.239 0.237 0.236 0.235 0.233 0.232 0.230 0.229 0.227 0.225 0.224 0.222 0.219 0.217 0.215 0.212 0.210 0.207 0.203 0.200 0.196 0.192 0.187 0.182 0.176 0.170 0.162 0.153 0.143 0.132 0.119 0.105 0.090 0.074 0.058 0.041 0.031 0.028 0.000 0.000
