22 23 41 24
0.375 0.250 0.264 0.111
BCC_B2#2
300.000 306.000 316.000 326.000 336.000 346.000 356.000 366.000 376.000 386.000 396.000 406.000 416.000 426.000 436.000 446.000 456.000 466.000 476.000 486.000 496.000 506.000 516.000 526.000 531.539 531.539 536.000 546.000 556.000 566.000 576.000 586.000 596.000 606.000 610.773 616.000 626.000 636.000 636.000 646.000 656.000 666.000 676.000 686.000 696.000 706.000 708.392 708.392 710.000 712.000 714.000 716.000 718.000 720.000 722.000 724.000 726.000 726.825 730.000 732.334 732.334 732.334 734.000 736.000 738.000 740.000 746.757 750.000 760.000 770.000 780.000 790.000 800.000 810.000 820.000 830.000 840.000 850.000 853.863 853.863 860.000 870.000 880.000 890.000 890.297 890.297 900.000 910.000 920.000 930.000 940.000 950.000 960.000 970.000 980.000 990.000 1000.000 1010.000 1020.000 1030.000 1040.000 1050.000 1060.000 1070.000 1080.000 1090.000 1100.000 1110.000 1120.000 1130.000 1140.000 1150.000 1160.000 1170.000 1180.000 1190.000 1200.000 1210.000 1220.000 1230.000 1240.000 1250.000 1260.000 1270.000 1280.000 1290.000 1300.000 1310.000 1320.000 1330.000 1340.000 1350.000 1360.000 1370.000 1380.000 1390.000 1400.000
0.406 0.406 0.407 0.407 0.408 0.409 0.409 0.410 0.411 0.412 0.413 0.414 0.415 0.416 0.417 0.419 0.420 0.421 0.423 0.425 0.426 0.428 0.430 0.433 0.434 0.434 0.434 0.434 0.435 0.436 0.437 0.439 0.441 0.443 0.444 0.446 0.450 0.454 0.454 0.459 0.465 0.473 0.482 0.494 0.509 0.531 0.538 0.538 0.544 0.552 0.562 0.574 0.587 0.603 0.620 0.641 0.664 0.675 0.694 0.709 0.709 0.709 0.727 0.750 0.772 0.795 0.873 0.875 0.882 0.889 0.897 0.906 0.915 0.924 0.935 0.946 0.959 0.972 0.978 0.978 0.982 0.987 0.994 1.000 1.000 1.000 1.000 1.000 1.000 1.000 1.000 1.000 1.000 1.000 1.000 1.000 1.000 1.000 1.000 1.000 1.000 1.000 1.000 1.000 1.000 1.000 1.000 1.000 1.000 1.000 1.000 1.000 1.000 1.000 1.000 1.000 1.000 1.000 1.000 1.000 1.000 1.000 1.000 1.000 1.000 1.000 1.000 1.000 1.000 1.000 1.000 1.000 1.000 1.000 1.000 1.000 1.000
BCC_B2
300.000 306.000 316.000 326.000 336.000 346.000 356.000 366.000 376.000 386.000 396.000 406.000 416.000 426.000 436.000 446.000 456.000 466.000 476.000 486.000 496.000 506.000 516.000 526.000 531.539 531.539 536.000 546.000 556.000 566.000 576.000 586.000 596.000 606.000 610.773 nan 708.392 710.000 712.000 714.000 716.000 718.000 720.000 722.000 724.000 726.000 726.825 730.000 732.334 732.334 732.334 734.000 736.000 738.000 740.000 746.757 750.000 760.000 770.000 780.000 790.000 800.000 810.000 820.000 830.000 840.000 850.000 853.863
0.300 0.300 0.299 0.299 0.298 0.298 0.297 0.297 0.296 0.295 0.295 0.294 0.293 0.292 0.292 0.291 0.290 0.289 0.288 0.287 0.287 0.286 0.285 0.284 0.283 0.283 0.228 0.151 0.105 0.074 0.051 0.033 0.018 0.005 0.000 nan 0.000 0.008 0.019 0.032 0.048 0.067 0.089 0.115 0.144 0.178 0.193 0.186 0.181 0.181 0.181 0.170 0.157 0.144 0.132 0.092 0.090 0.084 0.078 0.071 0.064 0.056 0.047 0.038 0.028 0.017 0.005 0.000
HCP_A3
300.000 306.000 316.000 326.000 336.000 346.000 356.000 366.000 376.000 386.000 396.000 406.000 416.000 426.000 436.000 446.000 456.000 466.000 476.000 486.000 496.000 506.000 516.000 526.000 531.539 531.539 536.000 546.000 556.000 566.000 576.000 586.000 596.000 606.000 610.773 616.000 626.000 636.000 636.000 646.000 656.000 666.000 676.000 686.000 696.000 706.000 708.392 708.392 710.000 712.000 714.000 716.000 718.000 720.000 722.000 724.000 726.000 726.825 730.000 732.334 732.334 732.334 734.000 736.000 738.000 740.000 746.757
0.294 0.294 0.294 0.294 0.294 0.294 0.294 0.293 0.293 0.293 0.293 0.292 0.292 0.292 0.291 0.291 0.290 0.289 0.289 0.288 0.287 0.286 0.285 0.284 0.283 0.283 0.274 0.261 0.253 0.248 0.243 0.239 0.236 0.233 0.231 0.230 0.228 0.226 0.226 0.223 0.219 0.215 0.210 0.203 0.195 0.184 0.180 0.180 0.178 0.175 0.171 0.168 0.163 0.158 0.152 0.144 0.136 0.133 0.120 0.110 0.110 0.110 0.097 0.082 0.067 0.052 0.000
BCC_B2#3
531.539 536.000 546.000 556.000 566.000 576.000 586.000 596.000 606.000 610.773 616.000 626.000 636.000 636.000 646.000 656.000 666.000 676.000 686.000 696.000 706.000 708.392 708.392 710.000 712.000 714.000 716.000 718.000 720.000 722.000 724.000 726.000 726.825
0.000 0.064 0.153 0.207 0.243 0.269 0.289 0.305 0.319 0.324 0.324 0.322 0.320 0.320 0.318 0.316 0.312 0.308 0.303 0.296 0.285 0.282 0.282 0.270 0.254 0.234 0.211 0.183 0.151 0.113 0.070 0.021 0.000
C15_LAVES
732.334 734.000 736.000 738.000 740.000 746.757 750.000 760.000 770.000 780.000 790.000 800.000 810.000 820.000 830.000 840.000 850.000 853.863 853.863 860.000 870.000 880.000 890.000 890.297
0.000 0.005 0.011 0.016 0.021 0.035 0.035 0.034 0.033 0.032 0.031 0.030 0.028 0.027 0.026 0.024 0.023 0.022 0.022 0.018 0.013 0.006 0.000 0.000
