22 23 41 24
0.375 0.264 0.250 0.111
BCC_B2#3
300.000 305.200 315.200 325.200 335.200 345.200 355.200 365.200 375.200 385.200 395.200 405.200 415.200 425.200 435.200 445.200 455.200 465.200 475.200 485.200 495.200 505.200 515.200 522.025 522.025 525.200 535.200 545.200 551.279 nan 645.600 646.000 648.000 650.000 652.000 654.000 656.000 658.000 660.000 662.000 664.000 666.000 668.000 670.000 672.000 674.000 676.000 678.000 680.000 682.000 684.000 686.000 688.000 690.000 692.000 694.000 696.000 698.000 700.000 702.000 704.000 706.000 708.000 710.000 712.000 714.000 716.000 718.000 720.000 724.420 724.420 730.000 734.883
0.315 0.315 0.314 0.314 0.313 0.313 0.312 0.312 0.311 0.310 0.310 0.309 0.308 0.308 0.307 0.306 0.305 0.305 0.304 0.303 0.302 0.301 0.300 0.300 0.300 0.215 0.084 0.023 0.000 nan 0.000 0.538 0.337 0.337 0.336 0.336 0.335 0.335 0.334 0.333 0.333 0.332 0.331 0.330 0.329 0.329 0.328 0.327 0.326 0.324 0.323 0.322 0.320 0.319 0.317 0.316 0.314 0.312 0.309 0.307 0.305 0.302 0.299 0.295 0.292 0.288 0.283 0.279 0.274 0.261 0.261 0.128 0.000
BCC_B2
300.000 305.200 315.200 325.200 335.200 345.200 355.200 365.200 375.200 385.200 395.200 405.200 415.200 425.200 435.200 445.200 455.200 465.200 475.200 485.200 495.200 505.200 515.200 522.025 522.025 525.200 535.200 545.200 551.279 555.200 565.200 575.200 575.200 585.200 595.200 605.200 615.200 625.200 635.200 645.200 645.600 nan 724.420 730.000 734.883 740.000 741.487 741.487 741.487 747.890 750.000 760.000 770.000 780.000 790.000 800.000 810.000 820.000 830.000 833.789 840.000 850.000 860.000 869.531
0.388 0.388 0.389 0.389 0.390 0.391 0.392 0.392 0.393 0.394 0.395 0.396 0.397 0.398 0.399 0.401 0.402 0.403 0.405 0.407 0.408 0.410 0.412 0.414 0.414 0.413 0.412 0.413 0.413 0.414 0.415 0.417 0.417 0.420 0.422 0.425 0.428 0.432 0.436 0.441 0.442 nan 0.000 0.089 0.175 0.163 0.159 0.159 0.159 0.123 0.122 0.117 0.111 0.104 0.097 0.090 0.082 0.073 0.064 0.060 0.051 0.036 0.019 0.000
HCP_A3
300.000 305.200 315.200 325.200 335.200 345.200 355.200 365.200 375.200 385.200 395.200 405.200 415.200 425.200 435.200 445.200 455.200 465.200 475.200 485.200 495.200 505.200 515.200 522.025 522.025 525.200 535.200 545.200 551.279 555.200 565.200 575.200 575.200 585.200 595.200 605.200 615.200 625.200 635.200 645.200 645.600 nan 645.600 646.000 648.000 650.000 652.000 654.000 656.000 658.000 660.000 662.000 664.000 666.000 668.000 670.000 672.000 674.000 676.000 678.000 680.000 682.000 684.000 686.000 688.000 690.000 692.000 694.000 696.000 698.000 700.000 702.000 704.000 706.000 708.000 710.000 712.000 714.000 716.000 718.000 720.000 724.420 724.420 730.000 734.883 740.000 741.487 741.487 741.487 747.890
0.297 0.297 0.297 0.297 0.297 0.297 0.296 0.296 0.296 0.296 0.295 0.295 0.295 0.294 0.294 0.293 0.293 0.292 0.291 0.291 0.290 0.289 0.287 0.287 0.287 0.273 0.252 0.242 0.238 0.238 0.237 0.235 0.235 0.234 0.233 0.231 0.229 0.227 0.224 0.221 0.221 nan 0.395 0.462 0.220 0.219 0.218 0.217 0.217 0.216 0.215 0.214 0.213 0.212 0.211 0.210 0.209 0.208 0.207 0.205 0.204 0.203 0.201 0.200 0.198 0.196 0.194 0.192 0.190 0.188 0.186 0.183 0.180 0.177 0.174 0.171 0.167 0.163 0.158 0.154 0.148 0.135 0.135 0.110 0.084 0.057 0.048 0.048 0.048 0.000
BCC_B2#2
522.025 525.200 535.200 545.200 551.279 555.200 565.200 575.200 575.200 585.200 595.200 605.200 615.200 625.200 635.200 645.200 645.600 nan 645.600 646.000 648.000 650.000 652.000 654.000 656.000 658.000 660.000 662.000 664.000 666.000 668.000 670.000 672.000 674.000 676.000 678.000 680.000 682.000 684.000 686.000 688.000 690.000 692.000 694.000 696.000 698.000 700.000 702.000 704.000 706.000 708.000 710.000 712.000 714.000 716.000 718.000 720.000 724.420 724.420 730.000 734.883 740.000 741.487 741.487 741.487 747.890 750.000 760.000 770.000 780.000 790.000 800.000 810.000 820.000 830.000 833.789 840.000 850.000 860.000 869.531 869.531 870.000 880.000 890.000 900.000 910.000 920.000 930.000 940.000 950.000 960.000 970.000 980.000 990.000 1000.000 1010.000 1020.000 1030.000 1040.000 1050.000 1060.000 1070.000 1080.000 1090.000 1100.000 1110.000 1120.000 1130.000 1140.000 1150.000 1160.000 1170.000 1180.000 1190.000 1200.000 1210.000 1220.000 1230.000 1240.000 1250.000 1260.000 1270.000 1280.000 1290.000 1300.000 1310.000 1320.000 1330.000 1340.000 1350.000 1360.000 1370.000 1380.000 1390.000 1400.000
0.000 0.098 0.252 0.322 0.349 0.349 0.348 0.347 0.347 0.346 0.345 0.344 0.343 0.342 0.340 0.338 0.338 nan 0.605 0.000 0.443 0.444 0.446 0.447 0.448 0.450 0.451 0.453 0.454 0.456 0.458 0.460 0.462 0.464 0.466 0.468 0.471 0.473 0.476 0.479 0.482 0.485 0.488 0.492 0.496 0.500 0.505 0.510 0.515 0.521 0.527 0.534 0.541 0.549 0.558 0.568 0.578 0.605 0.605 0.672 0.741 0.780 0.792 0.792 0.792 0.864 0.866 0.873 0.880 0.888 0.896 0.905 0.914 0.925 0.936 0.940 0.949 0.964 0.981 1.000 1.000 1.000 1.000 1.000 1.000 1.000 1.000 1.000 1.000 1.000 1.000 1.000 1.000 1.000 1.000 1.000 1.000 1.000 1.000 1.000 1.000 1.000 1.000 1.000 1.000 1.000 1.000 1.000 1.000 1.000 1.000 1.000 1.000 1.000 1.000 1.000 1.000 1.000 1.000 1.000 1.000 1.000 1.000 1.000 1.000 1.000 1.000 1.000 1.000 1.000 1.000 1.000 1.000 1.000 1.000
C15_LAVES
741.487 747.890 750.000 760.000 770.000 780.000 790.000 800.000 810.000 820.000 830.000 833.789
0.000 0.012 0.012 0.011 0.009 0.008 0.007 0.005 0.004 0.002 0.001 0.000
