22 23 41 24
0.375 0.292 0.222 0.111
BCC_B2#2
300.000 304.000 314.000 324.000 334.000 344.000 354.000 364.000 374.000 384.000 394.000 404.000 414.000 424.000 434.000 444.000 454.000 464.000 474.000 484.000 494.000 504.000 513.419 513.419 514.000 516.207 nan 751.941 760.000 763.670 770.000 770.000 780.000 790.000 800.000 810.000 820.000 830.000 840.000 845.208
0.345 0.345 0.345 0.344 0.344 0.344 0.343 0.343 0.342 0.342 0.341 0.340 0.340 0.339 0.339 0.338 0.338 0.337 0.336 0.336 0.335 0.334 0.334 0.334 0.211 0.000 nan 0.000 0.081 0.127 0.120 0.120 0.110 0.098 0.085 0.070 0.053 0.034 0.013 0.000
BCC_B2
300.000 304.000 314.000 324.000 334.000 344.000 354.000 364.000 374.000 384.000 394.000 404.000 414.000 424.000 434.000 444.000 454.000 464.000 474.000 484.000 494.000 504.000 513.419 513.419 514.000 516.207 518.000 518.000 520.000 522.000 524.000 526.000 528.000 530.000 532.000 534.000 536.000 538.000 540.000 542.000 544.000 546.000 548.000 550.000 552.000 554.000 556.000 558.000 560.000 562.000 564.000 566.000 568.000 570.000 572.000 574.000 576.000 578.000 580.000 582.000 584.000 586.000 588.000 590.000 592.000 594.000 596.000 598.000 600.000 602.000 604.000 606.000 608.000 610.000 612.000 614.000 616.000 618.000 620.000 622.000 624.000 626.000 628.000 630.000 632.000 634.000 636.000 638.000 640.000 642.000 644.000 646.000 648.000 650.000 652.000 654.000 656.000 658.000 660.000 662.000 664.000 666.000 668.000 670.000 672.000 674.000 676.000 678.000 680.000 682.000 684.000 686.000 688.000 690.000 692.000 694.000 696.000 698.000 700.000 702.000 704.000 706.000 708.000 710.000 712.000 714.000 716.000 718.000 720.000 722.000 724.000 726.000 728.000 730.000 740.000 747.566 750.000 751.941 751.941 760.000 763.670 770.000 770.000 780.000 790.000 800.000 810.000 820.000 830.000 840.000 845.208 850.000 860.000 870.000 880.000 890.000 900.000 910.000 920.000 930.000 940.000 950.000 960.000 970.000 980.000 990.000 1000.000 1010.000 1020.000 1030.000 1040.000 1050.000 1060.000 1070.000 1080.000 1090.000 1100.000 1110.000 1120.000 1130.000 1140.000 1150.000 1160.000 1170.000 1180.000 1190.000 1200.000 1210.000 1220.000 1230.000 1240.000 1250.000 1260.000 1270.000 1280.000 1290.000 1300.000 1310.000 1320.000 1330.000 1340.000 1350.000 1360.000 1370.000 1380.000 1390.000 1400.000
0.352 0.352 0.352 0.353 0.353 0.354 0.355 0.355 0.356 0.357 0.358 0.359 0.360 0.361 0.362 0.363 0.364 0.365 0.367 0.368 0.370 0.372 0.374 0.374 0.373 0.371 0.371 0.371 0.371 0.372 0.372 0.372 0.372 0.373 0.373 0.373 0.374 0.374 0.374 0.374 0.375 0.375 0.375 0.376 0.376 0.376 0.377 0.377 0.377 0.378 0.378 0.379 0.379 0.379 0.380 0.380 0.381 0.381 0.381 0.382 0.382 0.383 0.383 0.384 0.384 0.385 0.385 0.386 0.386 0.387 0.388 0.388 0.389 0.390 0.390 0.391 0.392 0.392 0.393 0.394 0.395 0.396 0.397 0.397 0.398 0.399 0.400 0.402 0.403 0.404 0.405 0.406 0.408 0.409 0.410 0.412 0.414 0.415 0.417 0.419 0.421 0.423 0.425 0.427 0.430 0.432 0.435 0.438 0.441 0.444 0.448 0.451 0.455 0.460 0.464 0.469 0.474 0.480 0.486 0.493 0.500 0.507 0.516 0.524 0.534 0.544 0.555 0.566 0.578 0.591 0.605 0.619 0.634 0.650 0.737 0.812 0.817 0.820 0.820 0.855 0.873 0.880 0.880 0.890 0.902 0.915 0.930 0.947 0.966 0.987 1.000 1.000 1.000 1.000 1.000 1.000 1.000 1.000 1.000 1.000 1.000 1.000 1.000 1.000 1.000 1.000 1.000 1.000 1.000 1.000 1.000 1.000 1.000 1.000 1.000 1.000 1.000 1.000 1.000 1.000 1.000 1.000 1.000 1.000 1.000 1.000 1.000 1.000 1.000 1.000 1.000 1.000 1.000 1.000 1.000 1.000 1.000 1.000 1.000 1.000 1.000 1.000 1.000 1.000 1.000 1.000 1.000
HCP_A3
300.000 304.000 314.000 324.000 334.000 344.000 354.000 364.000 374.000 384.000 394.000 404.000 414.000 424.000 434.000 444.000 454.000 464.000 474.000 484.000 494.000 504.000 513.419 513.419 514.000 516.207 518.000 518.000 520.000 522.000 524.000 526.000 528.000 530.000 532.000 534.000 536.000 538.000 540.000 542.000 544.000 546.000 548.000 550.000 552.000 554.000 556.000 558.000 560.000 562.000 564.000 566.000 568.000 570.000 572.000 574.000 576.000 578.000 580.000 582.000 584.000 586.000 588.000 590.000 592.000 594.000 596.000 598.000 600.000 602.000 604.000 606.000 608.000 610.000 612.000 614.000 616.000 618.000 620.000 622.000 624.000 626.000 628.000 630.000 632.000 634.000 636.000 638.000 640.000 642.000 644.000 646.000 648.000 650.000 652.000 654.000 656.000 658.000 660.000 662.000 664.000 666.000 668.000 670.000 672.000 674.000 676.000 678.000 680.000 682.000 684.000 686.000 688.000 690.000 692.000 694.000 696.000 698.000 700.000 702.000 704.000 706.000 708.000 710.000 712.000 714.000 716.000 718.000 720.000 722.000 724.000 726.000 728.000 730.000 740.000 747.566
0.303 0.303 0.303 0.303 0.303 0.302 0.302 0.302 0.302 0.302 0.301 0.301 0.300 0.300 0.299 0.299 0.298 0.298 0.297 0.296 0.295 0.294 0.293 0.293 0.274 0.242 0.242 0.242 0.242 0.242 0.242 0.241 0.241 0.241 0.241 0.240 0.240 0.240 0.240 0.239 0.239 0.239 0.239 0.238 0.238 0.238 0.238 0.237 0.237 0.237 0.236 0.236 0.236 0.236 0.235 0.235 0.235 0.234 0.234 0.234 0.233 0.233 0.232 0.232 0.232 0.231 0.231 0.231 0.230 0.230 0.229 0.229 0.228 0.228 0.227 0.227 0.226 0.226 0.225 0.225 0.224 0.224 0.223 0.222 0.222 0.221 0.220 0.220 0.219 0.218 0.217 0.217 0.216 0.215 0.214 0.213 0.212 0.211 0.210 0.209 0.208 0.207 0.206 0.204 0.203 0.202 0.200 0.199 0.197 0.195 0.193 0.191 0.189 0.187 0.185 0.182 0.180 0.177 0.174 0.171 0.167 0.163 0.159 0.155 0.150 0.145 0.140 0.134 0.128 0.121 0.114 0.107 0.099 0.090 0.043 0.000
BCC_B2#3
513.419 514.000 516.207 518.000 518.000 520.000 522.000 524.000 526.000 528.000 530.000 532.000 534.000 536.000 538.000 540.000 542.000 544.000 546.000 548.000 550.000 552.000 554.000 556.000 558.000 560.000 562.000 564.000 566.000 568.000 570.000 572.000 574.000 576.000 578.000 580.000 582.000 584.000 586.000 588.000 590.000 592.000 594.000 596.000 598.000 600.000 602.000 604.000 606.000 608.000 610.000 612.000 614.000 616.000 618.000 620.000 622.000 624.000 626.000 628.000 630.000 632.000 634.000 636.000 638.000 640.000 642.000 644.000 646.000 648.000 650.000 652.000 654.000 656.000 658.000 660.000 662.000 664.000 666.000 668.000 670.000 672.000 674.000 676.000 678.000 680.000 682.000 684.000 686.000 688.000 690.000 692.000 694.000 696.000 698.000 700.000 702.000 704.000 706.000 708.000 710.000 712.000 714.000 716.000 718.000 720.000 722.000 724.000 726.000 728.000 730.000 740.000 747.566 750.000 751.941 751.941 760.000 763.670
0.000 0.142 0.387 0.387 0.387 0.387 0.387 0.387 0.387 0.387 0.386 0.386 0.386 0.386 0.386 0.386 0.386 0.386 0.386 0.386 0.386 0.386 0.386 0.386 0.386 0.386 0.386 0.385 0.385 0.385 0.385 0.385 0.385 0.385 0.385 0.385 0.385 0.385 0.384 0.384 0.384 0.384 0.384 0.384 0.384 0.383 0.383 0.383 0.383 0.383 0.383 0.382 0.382 0.382 0.382 0.382 0.381 0.381 0.381 0.380 0.380 0.380 0.379 0.379 0.379 0.378 0.378 0.377 0.377 0.377 0.376 0.375 0.375 0.374 0.374 0.373 0.372 0.371 0.370 0.369 0.368 0.367 0.366 0.365 0.364 0.362 0.361 0.359 0.357 0.355 0.353 0.351 0.349 0.346 0.343 0.340 0.337 0.333 0.329 0.325 0.321 0.316 0.311 0.306 0.300 0.294 0.288 0.281 0.274 0.267 0.260 0.220 0.188 0.183 0.180 0.180 0.063 0.000
