22 23 41 24
0.389 0.194 0.306 0.111
C15_LAVES
300.000 304.000 314.000 324.000 334.000 344.000 354.000 364.000 374.000 384.000 394.000 404.000 414.000 424.000 434.000 444.000 451.413 nan 656.812 658.000 660.000 662.000 664.000 666.000 668.000 670.000 672.000 674.000 676.000 678.000 680.000 682.000 684.000 686.000 688.000 690.000 692.000 694.000 696.000 698.000 700.000 702.000 704.000 706.000 708.000 710.000 712.000 714.000 716.000 718.000 720.000 722.000 724.000 726.000 728.000 730.000 732.000 734.000 736.000 738.000 740.000 741.081 749.461 749.461 750.000 760.000 770.000 780.000 790.000 800.000 810.000 820.000 830.000 840.000 850.000 860.000 870.000 880.000 890.000 900.000 910.000 920.000 930.000 940.000 950.000 960.000 970.000 979.306
0.038 0.037 0.034 0.031 0.027 0.025 0.022 0.019 0.016 0.014 0.011 0.009 0.007 0.005 0.003 0.001 0.000 nan 0.000 0.000 0.001 0.001 0.002 0.003 0.003 0.004 0.005 0.005 0.006 0.007 0.008 0.009 0.010 0.011 0.012 0.013 0.014 0.015 0.017 0.018 0.020 0.022 0.024 0.026 0.028 0.030 0.033 0.036 0.039 0.043 0.047 0.052 0.057 0.063 0.069 0.076 0.083 0.089 0.095 0.101 0.107 0.110 0.105 0.105 0.104 0.101 0.098 0.094 0.090 0.086 0.082 0.078 0.074 0.070 0.066 0.061 0.057 0.052 0.048 0.043 0.038 0.033 0.027 0.022 0.017 0.011 0.005 0.000
BCC_B2#2
300.000 304.000 314.000 324.000 334.000 344.000 354.000 364.000 374.000 384.000 394.000 404.000 414.000 424.000 434.000 444.000 451.413 454.000 464.000 474.000 484.000 494.000 504.000 514.000 524.000 534.000 544.000 554.000 564.000 574.000 584.000 594.000 604.000 614.000 624.000 634.000 644.000 654.000 656.812 656.812 658.000 660.000 662.000 664.000 666.000 668.000 670.000 672.000 674.000 676.000 678.000 680.000 682.000 684.000 686.000 688.000 690.000 692.000 694.000 696.000 698.000 700.000 702.000 704.000 706.000 708.000 710.000 712.000 714.000 716.000 718.000 720.000 722.000 724.000 726.000 728.000 730.000 732.000 734.000 736.000 738.000 740.000 741.081
0.226 0.226 0.227 0.229 0.230 0.231 0.232 0.233 0.233 0.234 0.235 0.235 0.236 0.236 0.237 0.237 0.237 0.237 0.236 0.235 0.234 0.233 0.232 0.232 0.231 0.230 0.229 0.228 0.227 0.225 0.224 0.223 0.222 0.221 0.219 0.218 0.216 0.214 0.213 0.213 0.213 0.212 0.211 0.210 0.209 0.208 0.207 0.206 0.205 0.204 0.202 0.201 0.199 0.198 0.196 0.195 0.193 0.191 0.189 0.186 0.184 0.181 0.179 0.175 0.172 0.168 0.164 0.159 0.154 0.148 0.142 0.134 0.125 0.115 0.104 0.091 0.078 0.063 0.049 0.035 0.021 0.007 0.000
BCC_B2
300.000 304.000 314.000 324.000 334.000 344.000 354.000 364.000 374.000 384.000 394.000 404.000 414.000 424.000 434.000 444.000 451.413 454.000 464.000 474.000 484.000 494.000 504.000 514.000 524.000 534.000 544.000 554.000 564.000 574.000 584.000 594.000 604.000 614.000 624.000 634.000 644.000 654.000 656.812 656.812 658.000 660.000 662.000 664.000 666.000 668.000 670.000 672.000 674.000 676.000 678.000 680.000 682.000 684.000 686.000 688.000 690.000 692.000 694.000 696.000 698.000 700.000 702.000 704.000 706.000 708.000 710.000 712.000 714.000 716.000 718.000 720.000 722.000 724.000 726.000 728.000 730.000 732.000 734.000 736.000 738.000 740.000 741.081 749.461 749.461 750.000 760.000 770.000 780.000 790.000 800.000 810.000 820.000 830.000 840.000 850.000 860.000 870.000 880.000 890.000 900.000 910.000 920.000 930.000 940.000 950.000 960.000 970.000 979.306 979.306 980.000 990.000 1000.000 1010.000 1020.000 1030.000 1040.000 1050.000 1060.000 1070.000 1080.000 1090.000 1100.000 1110.000 1120.000 1130.000 1140.000 1150.000 1160.000 1170.000 1180.000 1190.000 1200.000 1210.000 1220.000 1230.000 1240.000 1250.000 1260.000 1270.000 1280.000 1290.000 1300.000 1310.000 1320.000 1330.000 1340.000 1350.000 1360.000 1370.000 1380.000 1390.000 1400.000
0.439 0.440 0.442 0.444 0.446 0.448 0.450 0.452 0.454 0.456 0.458 0.460 0.462 0.464 0.466 0.468 0.469 0.470 0.471 0.472 0.474 0.475 0.477 0.479 0.481 0.483 0.485 0.487 0.490 0.492 0.495 0.498 0.502 0.506 0.510 0.514 0.519 0.525 0.527 0.527 0.528 0.529 0.531 0.532 0.533 0.535 0.537 0.538 0.540 0.542 0.544 0.546 0.548 0.550 0.552 0.555 0.557 0.560 0.563 0.566 0.570 0.573 0.577 0.582 0.587 0.592 0.598 0.604 0.611 0.620 0.629 0.640 0.653 0.667 0.684 0.702 0.723 0.745 0.768 0.792 0.816 0.840 0.853 0.895 0.895 0.896 0.899 0.902 0.906 0.910 0.914 0.918 0.922 0.926 0.930 0.934 0.939 0.943 0.948 0.952 0.957 0.962 0.967 0.973 0.978 0.983 0.989 0.995 1.000 1.000 1.000 1.000 1.000 1.000 1.000 1.000 1.000 1.000 1.000 1.000 1.000 1.000 1.000 1.000 1.000 1.000 1.000 1.000 1.000 1.000 1.000 1.000 1.000 1.000 1.000 1.000 1.000 1.000 1.000 1.000 1.000 1.000 1.000 1.000 1.000 1.000 1.000 1.000 1.000 1.000 1.000 1.000 1.000
HCP_A3
300.000 304.000 314.000 324.000 334.000 344.000 354.000 364.000 374.000 384.000 394.000 404.000 414.000 424.000 434.000 444.000 451.413 454.000 464.000 474.000 484.000 494.000 504.000 514.000 524.000 534.000 544.000 554.000 564.000 574.000 584.000 594.000 604.000 614.000 624.000 634.000 644.000 654.000 656.812 656.812 658.000 660.000 662.000 664.000 666.000 668.000 670.000 672.000 674.000 676.000 678.000 680.000 682.000 684.000 686.000 688.000 690.000 692.000 694.000 696.000 698.000 700.000 702.000 704.000 706.000 708.000 710.000 712.000 714.000 716.000 718.000 720.000 722.000 724.000 726.000 728.000 730.000 732.000 734.000 736.000 738.000 740.000 741.081 749.461 749.461
0.297 0.297 0.297 0.297 0.296 0.296 0.296 0.296 0.296 0.296 0.296 0.295 0.295 0.295 0.294 0.294 0.294 0.294 0.293 0.292 0.292 0.291 0.290 0.290 0.289 0.288 0.286 0.285 0.284 0.282 0.280 0.278 0.276 0.274 0.271 0.268 0.265 0.261 0.259 0.259 0.259 0.258 0.257 0.256 0.255 0.254 0.252 0.251 0.250 0.248 0.247 0.246 0.244 0.242 0.241 0.239 0.237 0.235 0.233 0.230 0.228 0.225 0.222 0.219 0.216 0.212 0.208 0.204 0.199 0.193 0.186 0.179 0.171 0.161 0.150 0.137 0.123 0.109 0.093 0.078 0.062 0.046 0.037 0.000 0.000
