22 23 41 24
0.389 0.292 0.194 0.125
BCC_B2#3
300.000 305.200 315.200 325.200 335.200 345.200 355.200 365.200 375.200 385.200 395.200 405.200 415.200 425.200 435.200 445.200 455.200 465.200 475.200 485.200 495.200 505.200 515.200 519.677 519.677 525.200 535.200 539.851 nan 705.600 706.000 708.000 710.000 712.000 714.000 716.000 718.000 720.000 722.000 724.000 726.000 728.000 730.000 732.000 734.000 736.000 738.000 740.000 748.974 748.974 750.000 755.599 760.000 765.207
0.366 0.366 0.365 0.365 0.365 0.364 0.364 0.363 0.363 0.363 0.362 0.362 0.361 0.361 0.361 0.360 0.360 0.359 0.359 0.359 0.358 0.358 0.357 0.357 0.357 0.171 0.034 0.000 nan 0.000 0.575 0.376 0.373 0.368 0.364 0.359 0.354 0.349 0.343 0.337 0.330 0.324 0.317 0.309 0.302 0.294 0.287 0.279 0.242 0.242 0.225 0.135 0.078 0.000
BCC_B2
300.000 305.200 315.200 325.200 335.200 345.200 355.200 365.200 375.200 385.200 395.200 405.200 415.200 425.200 435.200 445.200 455.200 465.200 475.200 485.200 495.200 505.200 515.200 519.677 519.677 525.200 535.200 539.851 545.200 555.200 565.200 575.200 585.200 595.200 605.200 615.200 625.200 635.200 635.200 645.200 655.200 665.200 675.200 685.200 695.200 705.200 705.600 nan 748.974 750.000 755.599 760.000 765.207 770.000 770.000 780.000 790.000 800.000 810.000 820.000 830.000 840.000 850.000 856.299
0.313 0.314 0.314 0.314 0.315 0.315 0.316 0.317 0.317 0.318 0.319 0.319 0.320 0.321 0.322 0.323 0.324 0.325 0.326 0.327 0.328 0.329 0.331 0.332 0.332 0.330 0.329 0.329 0.329 0.330 0.332 0.333 0.334 0.336 0.338 0.340 0.343 0.346 0.346 0.350 0.355 0.362 0.370 0.382 0.399 0.424 0.425 nan 0.000 0.010 0.063 0.103 0.158 0.153 0.153 0.143 0.131 0.117 0.103 0.086 0.067 0.045 0.019 0.000
HCP_A3
300.000 305.200 315.200 325.200 335.200 345.200 355.200 365.200 375.200 385.200 395.200 405.200 415.200 425.200 435.200 445.200 455.200 465.200 475.200 485.200 495.200 505.200 515.200 519.677 519.677 525.200 535.200 539.851 545.200 555.200 565.200 575.200 585.200 595.200 605.200 615.200 625.200 635.200 635.200 645.200 655.200 665.200 675.200 685.200 695.200 705.200 705.600 nan 705.600 706.000 708.000 710.000 712.000 714.000 716.000 718.000 720.000 722.000 724.000 726.000 728.000 730.000 732.000 734.000 736.000 738.000 740.000 748.974 748.974 750.000 755.599
0.321 0.321 0.321 0.321 0.320 0.320 0.320 0.320 0.320 0.320 0.319 0.319 0.319 0.318 0.318 0.317 0.317 0.316 0.315 0.315 0.314 0.313 0.312 0.311 0.311 0.282 0.260 0.255 0.254 0.253 0.252 0.251 0.250 0.248 0.247 0.245 0.243 0.240 0.240 0.237 0.234 0.229 0.224 0.217 0.208 0.195 0.194 nan 0.338 0.425 0.190 0.187 0.183 0.178 0.174 0.169 0.163 0.157 0.151 0.144 0.137 0.129 0.121 0.113 0.104 0.095 0.086 0.040 0.040 0.034 0.000
BCC_B2#2
519.677 525.200 535.200 539.851 545.200 555.200 565.200 575.200 585.200 595.200 605.200 615.200 625.200 635.200 635.200 645.200 655.200 665.200 675.200 685.200 695.200 705.200 705.600 nan 705.600 706.000 708.000 710.000 712.000 714.000 716.000 718.000 720.000 722.000 724.000 726.000 728.000 730.000 732.000 734.000 736.000 738.000 740.000 748.974 748.974 750.000 755.599 760.000 765.207 770.000 770.000 780.000 790.000 800.000 810.000 820.000 830.000 840.000 850.000 856.299 856.299 860.000 870.000 880.000 890.000 900.000 910.000 920.000 930.000 940.000 950.000 960.000 970.000 980.000 990.000 1000.000 1010.000 1020.000 1030.000 1040.000 1050.000 1060.000 1070.000 1080.000 1090.000 1100.000 1110.000 1120.000 1130.000 1140.000 1150.000 1160.000 1170.000 1180.000 1190.000 1200.000 1210.000 1220.000 1230.000 1240.000 1250.000 1260.000 1270.000 1280.000 1290.000 1300.000 1310.000 1320.000 1330.000 1340.000 1350.000 1360.000 1370.000 1380.000 1390.000 1400.000
0.000 0.217 0.376 0.416 0.416 0.416 0.416 0.416 0.416 0.416 0.415 0.415 0.414 0.414 0.414 0.413 0.411 0.409 0.406 0.401 0.393 0.381 0.380 nan 0.662 0.000 0.433 0.441 0.449 0.458 0.467 0.477 0.488 0.500 0.513 0.526 0.540 0.554 0.569 0.585 0.601 0.618 0.635 0.719 0.719 0.731 0.802 0.819 0.842 0.847 0.847 0.857 0.869 0.883 0.897 0.914 0.933 0.955 0.981 1.000 1.000 1.000 1.000 1.000 1.000 1.000 1.000 1.000 1.000 1.000 1.000 1.000 1.000 1.000 1.000 1.000 1.000 1.000 1.000 1.000 1.000 1.000 1.000 1.000 1.000 1.000 1.000 1.000 1.000 1.000 1.000 1.000 1.000 1.000 1.000 1.000 1.000 1.000 1.000 1.000 1.000 1.000 1.000 1.000 1.000 1.000 1.000 1.000 1.000 1.000 1.000 1.000 1.000 1.000 1.000 1.000
