22 23 41 24
0.389 0.264 0.222 0.125
C15_LAVES
300.000 304.000 314.000 319.330 nan 741.131 750.000 754.325 760.000 770.000 780.000 790.000 800.000 810.000 820.000 830.000 840.000 850.000 860.000 869.697
0.010 0.008 0.003 0.000 nan 0.000 0.014 0.019 0.019 0.017 0.016 0.014 0.013 0.011 0.009 0.007 0.006 0.004 0.002 0.000
BCC_B2#2
300.000 304.000 314.000 319.330 324.000 334.000 344.000 354.000 364.000 374.000 384.000 394.000 404.000 414.000 424.000 434.000 444.000 454.000 464.000 474.000 484.000 494.000 504.000 514.000 524.000 534.000 537.367 537.367 544.000 554.000 564.000 574.000 584.000 594.000 604.000 614.000 624.000 632.904 634.000 644.000 644.000 654.000 664.000 674.000 684.000 694.000 704.000 714.000 716.147 716.147 718.000 720.000 722.000 724.000 726.000 728.000 730.000 734.025 740.000 741.131 741.131 741.131 750.000 754.325 760.000 770.000 780.000 790.000 800.000 810.000 820.000 830.000 840.000 850.000 860.000 869.697 869.697 870.000 880.000 881.245 881.245 890.000 900.000 910.000 920.000 930.000 940.000 950.000 960.000 970.000 980.000 990.000 1000.000 1010.000 1020.000 1030.000 1040.000 1050.000 1060.000 1070.000 1080.000 1090.000 1100.000 1110.000 1120.000 1130.000 1140.000 1150.000 1160.000 1170.000 1180.000 1190.000 1200.000 1210.000 1220.000 1230.000 1240.000 1250.000 1260.000 1270.000 1280.000 1290.000 1300.000 1310.000 1320.000 1330.000 1340.000 1350.000 1360.000 1370.000 1380.000 1390.000 1400.000
0.347 0.348 0.351 0.352 0.352 0.353 0.354 0.354 0.355 0.355 0.356 0.357 0.358 0.359 0.359 0.360 0.361 0.363 0.364 0.365 0.366 0.368 0.369 0.371 0.372 0.374 0.375 0.375 0.375 0.375 0.376 0.376 0.377 0.379 0.380 0.382 0.384 0.386 0.387 0.391 0.391 0.395 0.401 0.408 0.418 0.430 0.449 0.477 0.485 0.485 0.495 0.508 0.523 0.540 0.560 0.581 0.604 0.655 0.698 0.707 0.707 0.707 0.797 0.842 0.846 0.854 0.862 0.870 0.880 0.890 0.901 0.913 0.926 0.940 0.956 0.973 0.973 0.974 0.997 1.000 1.000 1.000 1.000 1.000 1.000 1.000 1.000 1.000 1.000 1.000 1.000 1.000 1.000 1.000 1.000 1.000 1.000 1.000 1.000 1.000 1.000 1.000 1.000 1.000 1.000 1.000 1.000 1.000 1.000 1.000 1.000 1.000 1.000 1.000 1.000 1.000 1.000 1.000 1.000 1.000 1.000 1.000 1.000 1.000 1.000 1.000 1.000 1.000 1.000 1.000 1.000 1.000 1.000
BCC_B2
300.000 304.000 314.000 319.330 324.000 334.000 344.000 354.000 364.000 374.000 384.000 394.000 404.000 414.000 424.000 434.000 444.000 454.000 464.000 474.000 484.000 494.000 504.000 514.000 524.000 534.000 537.367 537.367 544.000 554.000 564.000 574.000 584.000 594.000 604.000 614.000 624.000 632.904 nan 716.147 718.000 720.000 722.000 724.000 726.000 728.000 730.000 734.025 740.000 741.131 741.131 741.131 750.000 754.325 760.000 770.000 780.000 790.000 800.000 810.000 820.000 830.000 840.000 850.000 860.000 869.697 869.697 870.000 880.000 881.245
0.329 0.330 0.332 0.334 0.333 0.333 0.332 0.332 0.332 0.331 0.331 0.330 0.329 0.329 0.328 0.328 0.327 0.327 0.326 0.326 0.325 0.324 0.324 0.323 0.323 0.322 0.322 0.322 0.255 0.188 0.143 0.109 0.083 0.062 0.043 0.027 0.012 0.000 nan 0.000 0.013 0.029 0.049 0.072 0.098 0.126 0.156 0.219 0.205 0.202 0.202 0.202 0.158 0.139 0.135 0.129 0.123 0.115 0.108 0.099 0.090 0.080 0.068 0.056 0.042 0.027 0.027 0.026 0.003 0.000
HCP_A3
300.000 304.000 314.000 319.330 324.000 334.000 344.000 354.000 364.000 374.000 384.000 394.000 404.000 414.000 424.000 434.000 444.000 454.000 464.000 474.000 484.000 494.000 504.000 514.000 524.000 534.000 537.367 537.367 544.000 554.000 564.000 574.000 584.000 594.000 604.000 614.000 624.000 632.904 634.000 644.000 644.000 654.000 664.000 674.000 684.000 694.000 704.000 714.000 716.147 716.147 718.000 720.000 722.000 724.000 726.000 728.000 730.000 734.025 740.000 741.131 741.131 741.131 750.000 754.325
0.314 0.314 0.314 0.314 0.314 0.314 0.314 0.314 0.314 0.314 0.313 0.313 0.313 0.312 0.312 0.312 0.311 0.311 0.310 0.310 0.309 0.308 0.307 0.306 0.305 0.304 0.303 0.303 0.293 0.281 0.274 0.268 0.263 0.258 0.255 0.251 0.247 0.244 0.244 0.241 0.241 0.238 0.235 0.230 0.225 0.218 0.208 0.193 0.189 0.189 0.186 0.181 0.176 0.170 0.163 0.155 0.146 0.126 0.097 0.091 0.091 0.091 0.031 0.000
BCC_B2#3
537.367 544.000 554.000 564.000 574.000 584.000 594.000 604.000 614.000 624.000 632.904 634.000 644.000 644.000 654.000 664.000 674.000 684.000 694.000 704.000 714.000 716.147 716.147 718.000 720.000 722.000 724.000 726.000 728.000 730.000 734.025
0.000 0.078 0.156 0.208 0.247 0.276 0.301 0.322 0.340 0.356 0.369 0.369 0.368 0.368 0.366 0.364 0.361 0.357 0.352 0.343 0.329 0.325 0.325 0.306 0.281 0.252 0.218 0.180 0.138 0.093 0.000
