22 23 41 24
0.389 0.250 0.250 0.111
BCC_B2#2
300.000 302.000 312.000 322.000 332.000 342.000 352.000 362.000 372.000 382.000 392.000 402.000 412.000 422.000 432.000 442.000 452.000 462.000 472.000 482.000 492.000 502.000 512.000 522.000 530.169 530.169 532.000 542.000 552.000 562.000 572.000 582.000 592.000 599.599 602.000 612.000 622.000 632.000 642.000 642.000 652.000 662.000 672.000 682.000 692.000 702.000 712.000 714.057 714.057 716.000 718.000 720.000 722.000 724.000 726.000 728.000 729.299 732.000 734.976 734.976 734.976 736.000 738.000 740.000 742.000 744.000 746.000 748.000 750.000 750.114 760.000 770.000 780.000 790.000 800.000 810.000 820.000 830.000 840.000 850.000 850.748 850.748 860.000 870.000 880.000 881.695 881.695 890.000 900.000 910.000 920.000 930.000 940.000 950.000 960.000 970.000 980.000 990.000 1000.000 1010.000 1020.000 1030.000 1040.000 1050.000 1060.000 1070.000 1080.000 1090.000 1100.000 1110.000 1120.000 1130.000 1140.000 1150.000 1160.000 1170.000 1180.000 1190.000 1200.000 1210.000 1220.000 1230.000 1240.000 1250.000 1260.000 1270.000 1280.000 1290.000 1300.000 1310.000 1320.000 1330.000 1340.000 1350.000 1360.000 1370.000 1380.000 1390.000 1400.000
0.388 0.388 0.389 0.389 0.390 0.391 0.391 0.392 0.393 0.394 0.395 0.396 0.397 0.398 0.399 0.400 0.401 0.403 0.404 0.406 0.407 0.409 0.411 0.413 0.415 0.415 0.414 0.414 0.415 0.416 0.417 0.418 0.420 0.421 0.422 0.425 0.428 0.432 0.437 0.437 0.442 0.448 0.457 0.467 0.480 0.499 0.527 0.534 0.534 0.545 0.557 0.572 0.589 0.608 0.630 0.655 0.672 0.689 0.709 0.709 0.709 0.720 0.742 0.764 0.786 0.808 0.830 0.853 0.875 0.876 0.883 0.891 0.900 0.908 0.918 0.928 0.940 0.952 0.965 0.980 0.981 0.981 0.986 0.993 0.999 1.000 1.000 1.000 1.000 1.000 1.000 1.000 1.000 1.000 1.000 1.000 1.000 1.000 1.000 1.000 1.000 1.000 1.000 1.000 1.000 1.000 1.000 1.000 1.000 1.000 1.000 1.000 1.000 1.000 1.000 1.000 1.000 1.000 1.000 1.000 1.000 1.000 1.000 1.000 1.000 1.000 1.000 1.000 1.000 1.000 1.000 1.000 1.000 1.000 1.000 1.000 1.000 1.000 1.000
BCC_B2
300.000 302.000 312.000 322.000 332.000 342.000 352.000 362.000 372.000 382.000 392.000 402.000 412.000 422.000 432.000 442.000 452.000 462.000 472.000 482.000 492.000 502.000 512.000 522.000 530.169 530.169 532.000 542.000 552.000 562.000 572.000 582.000 592.000 599.599 nan 714.057 716.000 718.000 720.000 722.000 724.000 726.000 728.000 729.299 732.000 734.976 734.976 734.976 736.000 738.000 740.000 742.000 744.000 746.000 748.000 750.000 750.114 760.000 770.000 780.000 790.000 800.000 810.000 820.000 830.000 840.000 850.000 850.748
0.303 0.303 0.303 0.302 0.302 0.301 0.301 0.300 0.300 0.299 0.298 0.298 0.297 0.296 0.296 0.295 0.294 0.293 0.293 0.292 0.291 0.290 0.289 0.288 0.288 0.288 0.260 0.162 0.108 0.072 0.046 0.027 0.011 0.000 nan 0.000 0.014 0.031 0.052 0.076 0.103 0.134 0.168 0.191 0.185 0.179 0.179 0.179 0.172 0.160 0.148 0.136 0.125 0.114 0.103 0.093 0.092 0.086 0.079 0.072 0.064 0.056 0.047 0.037 0.026 0.014 0.001 0.000
HCP_A3
300.000 302.000 312.000 322.000 332.000 342.000 352.000 362.000 372.000 382.000 392.000 402.000 412.000 422.000 432.000 442.000 452.000 462.000 472.000 482.000 492.000 502.000 512.000 522.000 530.169 530.169 532.000 542.000 552.000 562.000 572.000 582.000 592.000 599.599 602.000 612.000 622.000 632.000 642.000 642.000 652.000 662.000 672.000 682.000 692.000 702.000 712.000 714.057 714.057 716.000 718.000 720.000 722.000 724.000 726.000 728.000 729.299 732.000 734.976 734.976 734.976 736.000 738.000 740.000 742.000 744.000 746.000 748.000 750.000 750.114
0.308 0.308 0.308 0.308 0.308 0.308 0.308 0.308 0.307 0.307 0.307 0.307 0.306 0.306 0.306 0.305 0.305 0.304 0.303 0.303 0.302 0.301 0.300 0.299 0.298 0.298 0.293 0.277 0.268 0.262 0.257 0.253 0.250 0.247 0.247 0.245 0.243 0.241 0.238 0.238 0.235 0.231 0.227 0.221 0.213 0.204 0.189 0.186 0.186 0.182 0.178 0.173 0.167 0.160 0.152 0.144 0.137 0.126 0.112 0.112 0.112 0.105 0.090 0.075 0.061 0.046 0.031 0.016 0.001 0.000
BCC_B2#3
530.169 532.000 542.000 552.000 562.000 572.000 582.000 592.000 599.599 602.000 612.000 622.000 632.000 642.000 642.000 652.000 662.000 672.000 682.000 692.000 702.000 712.000 714.057 714.057 716.000 718.000 720.000 722.000 724.000 726.000 728.000 729.299
0.000 0.032 0.146 0.209 0.250 0.280 0.302 0.320 0.332 0.331 0.330 0.329 0.327 0.325 0.325 0.323 0.320 0.317 0.312 0.306 0.297 0.284 0.280 0.280 0.259 0.234 0.204 0.169 0.129 0.083 0.034 0.000
C15_LAVES
734.976 736.000 738.000 740.000 742.000 744.000 746.000 748.000 750.000 750.114 760.000 770.000 780.000 790.000 800.000 810.000 820.000 830.000 840.000 850.000 850.748 850.748 860.000 870.000 880.000 881.695
0.000 0.003 0.008 0.013 0.017 0.021 0.025 0.028 0.032 0.032 0.031 0.030 0.029 0.027 0.026 0.025 0.024 0.022 0.021 0.019 0.019 0.019 0.014 0.007 0.001 0.000
