22 23 41 24
0.403 0.250 0.222 0.125
BCC_B2#3
700.000 702.000 704.000 706.000 708.000 710.000 712.000 714.000 716.000 718.000 720.000 722.000 724.000 727.570
0.277 0.271 0.265 0.257 0.248 0.237 0.224 0.208 0.190 0.168 0.141 0.110 0.075 0.000
BCC_B2#2
700.000 702.000 704.000 706.000 708.000 710.000 712.000 714.000 716.000 718.000 720.000 722.000 724.000 727.570 728.000 730.000 732.000 733.714 733.714 733.714 734.000 736.000 738.000 740.000 742.000 744.000 746.000 748.000 750.000 756.848 760.000 770.000 780.000 790.000 800.000 810.000 820.000 830.000 840.000 850.000 860.000 861.313
0.049 0.052 0.056 0.060 0.066 0.073 0.082 0.092 0.105 0.120 0.138 0.159 0.183 0.234 0.233 0.229 0.225 0.222 0.222 0.222 0.220 0.209 0.198 0.187 0.177 0.167 0.157 0.148 0.138 0.108 0.106 0.099 0.092 0.084 0.075 0.066 0.055 0.044 0.032 0.018 0.002 0.000
BCC_B2
700.000 702.000 704.000 706.000 708.000 710.000 712.000 714.000 716.000 718.000 720.000 722.000 724.000 727.570 728.000 730.000 732.000 733.714 733.714 733.714 734.000 736.000 738.000 740.000 742.000 744.000 746.000 748.000 750.000 756.848 760.000 770.000 780.000 790.000 800.000 810.000 820.000 830.000 840.000 850.000 860.000 861.313 870.000 880.000 890.000 896.028 896.028 900.000 910.000 920.000 930.000 940.000 950.000 960.000 970.000 980.000 990.000 1000.000 1010.000 1020.000 1030.000 1040.000 1050.000 1060.000 1070.000 1080.000 1090.000 1100.000 1110.000 1120.000 1130.000 1140.000 1150.000 1160.000 1170.000 1180.000 1190.000 1200.000
0.440 0.444 0.449 0.454 0.459 0.466 0.473 0.481 0.491 0.502 0.515 0.530 0.548 0.585 0.587 0.599 0.611 0.622 0.622 0.622 0.625 0.644 0.664 0.684 0.703 0.723 0.743 0.763 0.783 0.853 0.856 0.864 0.873 0.882 0.892 0.903 0.915 0.928 0.942 0.957 0.974 0.977 0.982 0.989 0.996 1.000 1.000 1.000 1.000 1.000 1.000 1.000 1.000 1.000 1.000 1.000 1.000 1.000 1.000 1.000 1.000 1.000 1.000 1.000 1.000 1.000 1.000 1.000 1.000 1.000 1.000 1.000 1.000 1.000 1.000 1.000 1.000 1.000
HCP_A3
700.000 702.000 704.000 706.000 708.000 710.000 712.000 714.000 716.000 718.000 720.000 722.000 724.000 727.570 728.000 730.000 732.000 733.714 733.714 733.714 734.000 736.000 738.000 740.000 742.000 744.000 746.000 748.000 750.000 756.848
0.235 0.233 0.231 0.229 0.226 0.224 0.221 0.218 0.214 0.210 0.206 0.200 0.194 0.181 0.179 0.172 0.164 0.156 0.156 0.156 0.154 0.141 0.128 0.115 0.102 0.089 0.075 0.062 0.048 0.000
C15_LAVES
733.714 734.000 736.000 738.000 740.000 742.000 744.000 746.000 748.000 750.000 756.848 760.000 770.000 780.000 790.000 800.000 810.000 820.000 830.000 840.000 850.000 860.000 861.313 870.000 880.000 890.000 896.028 896.028
0.000 0.001 0.005 0.010 0.014 0.018 0.021 0.025 0.028 0.030 0.038 0.038 0.037 0.035 0.034 0.033 0.031 0.030 0.028 0.027 0.025 0.023 0.023 0.018 0.011 0.004 0.000 0.000
