22 23 41 24
0.403 0.250 0.236 0.111
BCC_B2#2
700.000 706.000 716.000 726.000 736.000 738.207 738.207 740.000 742.000 744.000 746.000 748.000 750.000 753.750 760.000 770.000 780.000 790.000 800.000 810.000 820.000 830.000 840.000 849.631
0.243 0.235 0.220 0.201 0.180 0.175 0.175 0.164 0.153 0.142 0.132 0.122 0.112 0.094 0.089 0.082 0.075 0.067 0.058 0.048 0.038 0.026 0.014 0.000
BCC_B2
700.000 706.000 716.000 726.000 736.000 738.207 738.207 740.000 742.000 744.000 746.000 748.000 750.000 753.750 760.000 770.000 780.000 790.000 800.000 810.000 820.000 830.000 840.000 849.631 850.000 860.000 870.000 872.872 872.872 880.000 890.000 900.000 910.000 920.000 930.000 940.000 950.000 960.000 970.000 980.000 990.000 1000.000 1010.000 1020.000 1030.000 1040.000 1050.000 1060.000 1070.000 1080.000 1090.000 1100.000 1110.000 1120.000 1130.000 1140.000 1150.000 1160.000 1170.000 1180.000 1190.000 1200.000
0.525 0.543 0.582 0.633 0.697 0.713 0.713 0.732 0.753 0.775 0.796 0.817 0.839 0.879 0.884 0.892 0.901 0.910 0.921 0.931 0.943 0.956 0.970 0.985 0.986 0.992 0.998 1.000 1.000 1.000 1.000 1.000 1.000 1.000 1.000 1.000 1.000 1.000 1.000 1.000 1.000 1.000 1.000 1.000 1.000 1.000 1.000 1.000 1.000 1.000 1.000 1.000 1.000 1.000 1.000 1.000 1.000 1.000 1.000 1.000 1.000 1.000
HCP_A3
700.000 706.000 716.000 726.000 736.000 738.207 738.207 740.000 742.000 744.000 746.000 748.000 750.000 753.750
0.233 0.221 0.198 0.165 0.123 0.112 0.112 0.099 0.085 0.071 0.057 0.042 0.028 0.000
C15_LAVES
738.207 740.000 742.000 744.000 746.000 748.000 750.000 753.750 760.000 770.000 780.000 790.000 800.000 810.000 820.000 830.000 840.000 849.631 850.000 860.000 870.000 872.872 872.872
0.000 0.004 0.008 0.012 0.016 0.019 0.022 0.027 0.026 0.025 0.024 0.023 0.022 0.020 0.019 0.018 0.016 0.015 0.014 0.008 0.002 0.000 0.000
