22 23 41 24
0.403 0.333 0.153 0.111
BCC_B2#2
700.000 700.400 710.400 720.400 730.400 740.400 750.400 759.444 760.400 770.400 780.400 790.400 800.400 800.510 800.510
0.396 0.395 0.371 0.342 0.310 0.273 0.229 0.184 0.181 0.147 0.107 0.059 0.001 0.000 0.000
BCC_B2
700.000 700.400 710.400 720.400 730.400 740.400 750.400 759.444 760.400 770.400 780.400 790.400 800.400 800.510 800.510 800.600 800.700 800.800 800.900 801.000 801.100 801.200 801.300 801.400 801.500 801.600 801.700 801.800 801.900 802.000 802.100 802.200 802.300 802.400 802.500 802.600 802.700 802.800 802.900 803.000 803.100 803.200 803.300 803.400 803.500 803.600 803.700 803.800 803.900 804.000 804.100 804.200 804.300 804.400 804.500 804.600 804.700 804.800 804.900 805.000 805.100 805.200 805.300 805.400 805.500 805.600 805.700 805.800 805.900 806.000 806.100 806.200 806.300 806.400 806.500 806.600 806.700 806.800 806.900 807.000 807.100 807.200 807.300 807.400 807.500 807.600 807.700 807.800 807.900 808.000 808.100 808.200 808.300 808.400 808.500 808.600 808.700 808.800 808.900 809.000 809.100 809.200 809.300 809.400 809.500 809.600 809.700 809.800 809.900 810.000 810.100 810.200 810.300 810.400 810.500 810.600 810.700 810.800 810.900 811.000 811.100 811.200 811.300 811.400 811.500 811.600 811.700 811.800 811.900 812.000 812.100 812.200 812.300 812.400 812.500 812.600 812.700 812.800 812.900 813.000 813.100 813.200 813.300 813.400 813.500 813.600 813.700 813.800 813.900 814.000 814.100 814.200 814.300 814.400 814.500 814.600 814.700 814.800 814.900 815.000 815.100 815.200 815.300 815.400 815.500 815.600 815.700 815.800 815.900 816.000 816.100 816.200 816.300 816.400 816.500 816.600 816.700 816.800 816.900 817.000 817.100 817.200 817.300 817.400 817.500 817.600 817.700 817.800 817.900 818.000 818.100 818.200 818.300 818.400 818.500 818.600 818.700 818.800 818.900 819.000 819.100 819.200 819.300 819.400 819.500 819.600 819.700 819.800 819.900 820.000 830.000 840.000 850.000 860.000 870.000 870.000 880.000 890.000 900.000 910.000 920.000 930.000 940.000 950.000 960.000 970.000 980.000 990.000 1000.000 1010.000 1020.000 1030.000 1040.000 1050.000 1060.000 1070.000 1080.000 1090.000 1100.000 1110.000 1120.000 1130.000 1140.000 1150.000 1160.000 1170.000 1180.000 1190.000 1200.000
0.416 0.418 0.462 0.514 0.575 0.645 0.728 0.816 0.819 0.853 0.893 0.941 0.999 1.000 1.000 1.000 1.000 1.000 1.000 1.000 1.000 1.000 1.000 1.000 1.000 1.000 1.000 1.000 1.000 1.000 1.000 1.000 1.000 1.000 1.000 1.000 1.000 1.000 1.000 1.000 1.000 1.000 1.000 1.000 1.000 1.000 1.000 1.000 1.000 1.000 1.000 1.000 1.000 1.000 1.000 1.000 1.000 1.000 1.000 1.000 1.000 1.000 1.000 1.000 1.000 1.000 1.000 1.000 1.000 1.000 1.000 1.000 1.000 1.000 1.000 1.000 1.000 1.000 1.000 1.000 1.000 1.000 1.000 1.000 1.000 1.000 1.000 1.000 1.000 1.000 1.000 1.000 1.000 1.000 1.000 1.000 1.000 1.000 1.000 1.000 1.000 1.000 1.000 1.000 1.000 1.000 1.000 1.000 1.000 1.000 1.000 1.000 1.000 1.000 1.000 1.000 1.000 1.000 1.000 1.000 1.000 1.000 1.000 1.000 1.000 1.000 1.000 1.000 1.000 1.000 1.000 1.000 1.000 1.000 1.000 1.000 1.000 1.000 1.000 1.000 1.000 1.000 1.000 1.000 1.000 1.000 1.000 1.000 1.000 1.000 1.000 1.000 1.000 1.000 1.000 1.000 1.000 1.000 1.000 1.000 1.000 1.000 1.000 1.000 1.000 1.000 1.000 1.000 1.000 1.000 1.000 1.000 1.000 1.000 1.000 1.000 1.000 1.000 1.000 1.000 1.000 1.000 1.000 1.000 1.000 1.000 1.000 1.000 1.000 1.000 1.000 1.000 1.000 1.000 1.000 1.000 1.000 1.000 1.000 1.000 1.000 1.000 1.000 1.000 1.000 1.000 1.000 1.000 1.000 1.000 1.000 1.000 1.000 1.000 1.000 1.000 1.000 1.000 1.000 1.000 1.000 1.000 1.000 1.000 1.000 1.000 1.000 1.000 1.000 1.000 1.000 1.000 1.000 1.000 1.000 1.000 1.000 1.000 1.000 1.000 1.000 1.000 1.000 1.000 1.000 1.000 1.000 1.000 1.000
HCP_A3
700.000 700.400 710.400 720.400 730.400 740.400 750.400 759.444
0.188 0.187 0.167 0.144 0.115 0.082 0.042 0.000
