22 23 41 24
0.403 0.236 0.250 0.111
BCC_B2#2
700.000 706.000 716.000 726.000 729.303 729.303 730.000 732.000 734.000 736.000 738.000 740.000 742.000 744.000 746.000 748.000 750.000 752.384 760.000 770.000 780.000 790.000 800.000 810.000 820.000 821.192
0.234 0.228 0.215 0.199 0.193 0.193 0.189 0.177 0.164 0.152 0.140 0.128 0.116 0.105 0.094 0.083 0.073 0.061 0.056 0.048 0.040 0.032 0.022 0.012 0.001 0.000
BCC_B2
700.000 706.000 716.000 726.000 729.303 729.303 730.000 732.000 734.000 736.000 738.000 740.000 742.000 744.000 746.000 748.000 750.000 752.384 760.000 770.000 780.000 790.000 800.000 810.000 820.000 821.192 830.000 840.000 850.000 860.000 870.000 880.000 890.000 897.393 897.393 900.000 910.000 920.000 930.000 940.000 950.000 960.000 970.000 980.000 990.000 1000.000 1010.000 1020.000 1030.000 1040.000 1050.000 1060.000 1070.000 1080.000 1090.000 1100.000 1110.000 1120.000 1130.000 1140.000 1150.000 1160.000 1170.000 1180.000 1190.000 1200.000
0.529 0.545 0.578 0.623 0.641 0.641 0.648 0.667 0.688 0.709 0.731 0.752 0.774 0.796 0.818 0.839 0.861 0.888 0.894 0.902 0.911 0.921 0.931 0.942 0.954 0.956 0.960 0.966 0.972 0.977 0.983 0.989 0.995 1.000 1.000 1.000 1.000 1.000 1.000 1.000 1.000 1.000 1.000 1.000 1.000 1.000 1.000 1.000 1.000 1.000 1.000 1.000 1.000 1.000 1.000 1.000 1.000 1.000 1.000 1.000 1.000 1.000 1.000 1.000 1.000 1.000
HCP_A3
700.000 706.000 716.000 726.000 729.303 729.303 730.000 732.000 734.000 736.000 738.000 740.000 742.000 744.000 746.000 748.000 750.000 752.384
0.237 0.228 0.207 0.178 0.166 0.166 0.161 0.148 0.134 0.120 0.106 0.091 0.077 0.062 0.048 0.033 0.018 0.000
C15_LAVES
729.303 730.000 732.000 734.000 736.000 738.000 740.000 742.000 744.000 746.000 748.000 750.000 752.384 760.000 770.000 780.000 790.000 800.000 810.000 820.000 821.192 830.000 840.000 850.000 860.000 870.000 880.000 890.000 897.393 897.393
0.000 0.002 0.008 0.013 0.019 0.024 0.029 0.033 0.037 0.041 0.044 0.048 0.051 0.050 0.050 0.049 0.048 0.047 0.046 0.045 0.044 0.040 0.034 0.028 0.023 0.017 0.011 0.005 0.000 0.000
