22 23 41 24
0.417 0.236 0.236 0.111
BCC_B2#2
700.000 708.000 718.000 728.000 731.851 731.851 732.000 734.000 736.000 738.000 740.000 742.000 744.000 746.000 748.000 750.000 756.142 760.000 770.000 780.000 790.000 800.000 810.000 820.000 822.670
0.239 0.230 0.217 0.199 0.192 0.192 0.191 0.179 0.167 0.155 0.144 0.133 0.122 0.112 0.102 0.092 0.063 0.060 0.052 0.044 0.035 0.025 0.015 0.003 0.000
BCC_B2
700.000 708.000 718.000 728.000 731.851 731.851 732.000 734.000 736.000 738.000 740.000 742.000 744.000 746.000 748.000 750.000 756.142 760.000 770.000 780.000 790.000 800.000 810.000 820.000 822.670 830.000 840.000 850.000 860.000 870.000 880.000 888.597 888.597 890.000 900.000 910.000 920.000 930.000 940.000 950.000 960.000 970.000 980.000 990.000 1000.000 1010.000 1020.000 1030.000 1040.000 1050.000 1060.000 1070.000 1080.000 1090.000 1100.000 1110.000 1120.000 1130.000 1140.000 1150.000 1160.000 1170.000 1180.000 1190.000 1200.000
0.508 0.530 0.566 0.615 0.638 0.638 0.639 0.659 0.679 0.700 0.720 0.741 0.762 0.783 0.804 0.825 0.891 0.894 0.903 0.912 0.922 0.933 0.944 0.957 0.961 0.965 0.970 0.976 0.982 0.988 0.995 1.000 1.000 1.000 1.000 1.000 1.000 1.000 1.000 1.000 1.000 1.000 1.000 1.000 1.000 1.000 1.000 1.000 1.000 1.000 1.000 1.000 1.000 1.000 1.000 1.000 1.000 1.000 1.000 1.000 1.000 1.000 1.000 1.000 1.000
HCP_A3
700.000 708.000 718.000 728.000 731.851 731.851 732.000 734.000 736.000 738.000 740.000 742.000 744.000 746.000 748.000 750.000 756.142
0.253 0.240 0.217 0.186 0.171 0.171 0.170 0.157 0.143 0.129 0.115 0.101 0.088 0.073 0.059 0.045 0.000
C15_LAVES
731.851 732.000 734.000 736.000 738.000 740.000 742.000 744.000 746.000 748.000 750.000 756.142 760.000 770.000 780.000 790.000 800.000 810.000 820.000 822.670 830.000 840.000 850.000 860.000 870.000 880.000 888.597 888.597
0.000 0.000 0.006 0.011 0.016 0.020 0.024 0.028 0.032 0.035 0.038 0.046 0.046 0.045 0.044 0.043 0.042 0.041 0.040 0.039 0.035 0.030 0.024 0.018 0.012 0.005 0.000 0.000
