22 23 41 24
0.431 0.236 0.208 0.125
C15_LAVES
300.000 308.000 318.000 328.000 338.000 348.000 358.000 368.000 372.685 nan 730.012 732.000 734.000 736.000 738.000 740.000 742.000 744.000 746.000 748.000 750.000 760.000 763.806 770.000 780.000 790.000 800.000 810.000 820.000 830.000 840.000 841.206 850.000 860.000 870.000 880.000 890.000 900.000 902.732
0.031 0.028 0.023 0.019 0.014 0.010 0.006 0.002 0.000 nan 0.000 0.005 0.009 0.014 0.018 0.022 0.025 0.029 0.032 0.034 0.037 0.047 0.050 0.049 0.048 0.047 0.046 0.044 0.043 0.042 0.040 0.040 0.035 0.028 0.022 0.015 0.009 0.002 0.000
BCC_B2#2
300.000 308.000 318.000 328.000 338.000 348.000 358.000 368.000 372.685 378.000 388.000 398.000 408.000 418.000 428.000 438.000 448.000 458.000 468.000 478.000 488.000 498.000 508.000 518.000 528.000 538.000 548.000 558.000 568.000 571.704 571.704 572.000 574.000 576.000 578.000 580.000 582.000 584.000 586.000 588.000 590.000 592.000 594.000 596.000 598.000 600.000 602.000 604.000 606.000 608.000 610.000 612.000 614.000 616.000 618.000 620.000 622.000 624.000 626.000 628.000 630.000 632.000 634.000 636.000 638.000 640.000 642.000 644.000 646.000 648.000 650.000 652.000 654.000 656.000 658.000 660.000 662.000 664.000 666.000 668.000 670.000 672.000 674.000 676.000 678.000 680.000 682.000 684.000 686.000 688.000 690.000 692.000 694.000 696.000 698.000 700.000 702.000 704.000 706.000 708.000 710.000 712.000 714.000 716.000 718.000 720.000 723.431 724.000 726.000 728.000 730.000 730.012 730.012 730.012 732.000 734.000 736.000 738.000 740.000 742.000 744.000 746.000 748.000 750.000 760.000 763.806 770.000 780.000 790.000 800.000 810.000 820.000 830.000 840.000 841.206
0.298 0.299 0.301 0.303 0.305 0.307 0.309 0.311 0.312 0.311 0.311 0.310 0.310 0.309 0.309 0.308 0.308 0.307 0.307 0.306 0.306 0.305 0.305 0.304 0.304 0.303 0.303 0.302 0.301 0.301 0.301 0.300 0.292 0.285 0.277 0.271 0.264 0.258 0.252 0.246 0.241 0.235 0.230 0.225 0.221 0.216 0.212 0.207 0.203 0.199 0.195 0.192 0.188 0.185 0.181 0.178 0.175 0.171 0.168 0.165 0.162 0.159 0.157 0.154 0.151 0.149 0.146 0.144 0.141 0.139 0.137 0.135 0.133 0.131 0.129 0.127 0.125 0.124 0.122 0.120 0.119 0.118 0.117 0.116 0.115 0.114 0.114 0.113 0.113 0.113 0.114 0.115 0.116 0.117 0.119 0.122 0.125 0.129 0.134 0.140 0.147 0.155 0.165 0.177 0.192 0.210 0.247 0.246 0.242 0.239 0.235 0.235 0.235 0.235 0.225 0.214 0.204 0.194 0.184 0.174 0.165 0.156 0.147 0.138 0.098 0.083 0.078 0.070 0.061 0.051 0.040 0.029 0.016 0.002 0.000
BCC_B2
300.000 308.000 318.000 328.000 338.000 348.000 358.000 368.000 372.685 378.000 388.000 398.000 408.000 418.000 428.000 438.000 448.000 458.000 468.000 478.000 488.000 498.000 508.000 518.000 528.000 538.000 548.000 558.000 568.000 571.704 571.704 572.000 574.000 576.000 578.000 580.000 582.000 584.000 586.000 588.000 590.000 592.000 594.000 596.000 598.000 600.000 602.000 604.000 606.000 608.000 610.000 612.000 614.000 616.000 618.000 620.000 622.000 624.000 626.000 628.000 630.000 632.000 634.000 636.000 638.000 640.000 642.000 644.000 646.000 648.000 650.000 652.000 654.000 656.000 658.000 660.000 662.000 664.000 666.000 668.000 670.000 672.000 674.000 676.000 678.000 680.000 682.000 684.000 686.000 688.000 690.000 692.000 694.000 696.000 698.000 700.000 702.000 704.000 706.000 708.000 710.000 712.000 714.000 716.000 718.000 720.000 723.431 724.000 726.000 728.000 730.000 730.012 730.012 730.012 732.000 734.000 736.000 738.000 740.000 742.000 744.000 746.000 748.000 750.000 760.000 763.806 770.000 780.000 790.000 800.000 810.000 820.000 830.000 840.000 841.206 850.000 860.000 870.000 880.000 890.000 900.000 902.732 902.732 910.000 920.000 930.000 940.000 950.000 960.000 970.000 980.000 990.000 1000.000 1010.000 1020.000 1030.000 1040.000 1050.000 1060.000 1070.000 1080.000 1090.000 1100.000 1110.000 1120.000 1130.000 1140.000 1150.000 1160.000 1170.000 1180.000 1190.000 1200.000 1210.000 1220.000 1230.000 1240.000 1250.000 1260.000 1270.000 1280.000 1290.000 1300.000 1310.000 1320.000 1330.000 1340.000 1350.000 1360.000 1370.000 1380.000 1390.000 1400.000
0.318 0.321 0.323 0.326 0.328 0.331 0.333 0.335 0.336 0.337 0.337 0.338 0.339 0.340 0.340 0.341 0.342 0.343 0.344 0.345 0.346 0.347 0.349 0.350 0.351 0.353 0.355 0.357 0.359 0.359 0.359 0.359 0.360 0.360 0.360 0.360 0.360 0.361 0.361 0.361 0.361 0.362 0.362 0.362 0.363 0.363 0.363 0.364 0.364 0.364 0.365 0.365 0.365 0.366 0.366 0.367 0.367 0.368 0.368 0.369 0.369 0.370 0.370 0.371 0.371 0.372 0.373 0.373 0.374 0.375 0.376 0.376 0.377 0.378 0.379 0.380 0.381 0.382 0.383 0.384 0.386 0.387 0.388 0.390 0.391 0.393 0.395 0.397 0.399 0.401 0.403 0.406 0.408 0.411 0.415 0.418 0.422 0.426 0.431 0.437 0.443 0.450 0.458 0.467 0.477 0.490 0.516 0.519 0.528 0.538 0.549 0.549 0.549 0.549 0.566 0.583 0.601 0.620 0.638 0.656 0.675 0.693 0.712 0.731 0.828 0.867 0.873 0.882 0.892 0.903 0.915 0.928 0.942 0.958 0.960 0.965 0.972 0.978 0.985 0.991 0.998 1.000 1.000 1.000 1.000 1.000 1.000 1.000 1.000 1.000 1.000 1.000 1.000 1.000 1.000 1.000 1.000 1.000 1.000 1.000 1.000 1.000 1.000 1.000 1.000 1.000 1.000 1.000 1.000 1.000 1.000 1.000 1.000 1.000 1.000 1.000 1.000 1.000 1.000 1.000 1.000 1.000 1.000 1.000 1.000 1.000 1.000 1.000 1.000 1.000 1.000 1.000 1.000
HCP_A3
300.000 308.000 318.000 328.000 338.000 348.000 358.000 368.000 372.685 378.000 388.000 398.000 408.000 418.000 428.000 438.000 448.000 458.000 468.000 478.000 488.000 498.000 508.000 518.000 528.000 538.000 548.000 558.000 568.000 571.704 571.704 572.000 574.000 576.000 578.000 580.000 582.000 584.000 586.000 588.000 590.000 592.000 594.000 596.000 598.000 600.000 602.000 604.000 606.000 608.000 610.000 612.000 614.000 616.000 618.000 620.000 622.000 624.000 626.000 628.000 630.000 632.000 634.000 636.000 638.000 640.000 642.000 644.000 646.000 648.000 650.000 652.000 654.000 656.000 658.000 660.000 662.000 664.000 666.000 668.000 670.000 672.000 674.000 676.000 678.000 680.000 682.000 684.000 686.000 688.000 690.000 692.000 694.000 696.000 698.000 700.000 702.000 704.000 706.000 708.000 710.000 712.000 714.000 716.000 718.000 720.000 723.431 724.000 726.000 728.000 730.000 730.012 730.012 730.012 732.000 734.000 736.000 738.000 740.000 742.000 744.000 746.000 748.000 750.000 760.000 763.806
0.353 0.353 0.353 0.352 0.352 0.352 0.352 0.352 0.352 0.352 0.352 0.352 0.351 0.351 0.351 0.350 0.350 0.350 0.349 0.349 0.348 0.347 0.347 0.346 0.345 0.344 0.343 0.341 0.340 0.339 0.339 0.339 0.338 0.336 0.335 0.334 0.333 0.331 0.330 0.329 0.328 0.327 0.326 0.325 0.324 0.323 0.322 0.321 0.320 0.319 0.319 0.318 0.317 0.316 0.315 0.314 0.314 0.313 0.312 0.311 0.310 0.309 0.309 0.308 0.307 0.306 0.305 0.305 0.304 0.303 0.302 0.301 0.300 0.300 0.299 0.298 0.297 0.296 0.295 0.294 0.293 0.292 0.291 0.290 0.289 0.288 0.287 0.286 0.284 0.283 0.282 0.281 0.279 0.278 0.276 0.274 0.273 0.271 0.269 0.266 0.264 0.261 0.258 0.255 0.251 0.247 0.237 0.236 0.230 0.223 0.216 0.216 0.216 0.216 0.205 0.193 0.181 0.169 0.156 0.144 0.132 0.119 0.106 0.094 0.027 0.000
BCC_B2#3
571.704 572.000 574.000 576.000 578.000 580.000 582.000 584.000 586.000 588.000 590.000 592.000 594.000 596.000 598.000 600.000 602.000 604.000 606.000 608.000 610.000 612.000 614.000 616.000 618.000 620.000 622.000 624.000 626.000 628.000 630.000 632.000 634.000 636.000 638.000 640.000 642.000 644.000 646.000 648.000 650.000 652.000 654.000 656.000 658.000 660.000 662.000 664.000 666.000 668.000 670.000 672.000 674.000 676.000 678.000 680.000 682.000 684.000 686.000 688.000 690.000 692.000 694.000 696.000 698.000 700.000 702.000 704.000 706.000 708.000 710.000 712.000 714.000 716.000 718.000 720.000 723.431
0.000 0.001 0.011 0.019 0.028 0.036 0.043 0.050 0.057 0.064 0.070 0.076 0.082 0.087 0.093 0.098 0.103 0.108 0.112 0.117 0.121 0.126 0.130 0.134 0.138 0.141 0.145 0.148 0.152 0.155 0.158 0.161 0.164 0.167 0.170 0.173 0.176 0.178 0.181 0.183 0.185 0.187 0.190 0.192 0.193 0.195 0.197 0.198 0.200 0.201 0.202 0.203 0.204 0.204 0.205 0.205 0.205 0.204 0.204 0.203 0.201 0.199 0.197 0.194 0.190 0.186 0.180 0.174 0.166 0.157 0.147 0.134 0.119 0.101 0.079 0.054 0.000
