22 23 41 24
0.431 0.250 0.208 0.111
BCC_B2#3
300.000 309.200 319.200 329.200 339.200 349.200 359.200 369.200 379.200 389.200 399.200 409.200 419.200 429.200 439.200 449.200 459.200 469.200 479.200 489.200 499.200 509.200 519.200 526.528 526.528 529.200 539.200 549.200 559.200 569.200 574.891 nan 629.600 630.000 632.000 634.000 636.000 638.000 640.000 642.000 644.000 646.000 648.000 650.000 652.000 654.000 656.000 658.000 660.000 662.000 664.000 666.000 668.000 670.000 672.000 674.000 676.000 678.000 680.000 682.000 684.000 686.000 688.000 690.000 692.000 694.000 696.000 698.000 700.000 702.000 704.000 706.000 708.000 710.000 712.000 714.000 716.000 718.000 720.000 722.000 724.000 726.239 726.239 728.000 730.000 732.000 734.000 736.000 738.000 739.328
0.314 0.313 0.313 0.313 0.312 0.312 0.311 0.311 0.310 0.310 0.309 0.309 0.308 0.308 0.307 0.307 0.306 0.306 0.305 0.304 0.304 0.303 0.303 0.302 0.302 0.251 0.137 0.078 0.040 0.013 0.000 nan 0.000 0.508 0.347 0.346 0.346 0.346 0.346 0.345 0.345 0.345 0.344 0.344 0.344 0.343 0.343 0.342 0.342 0.341 0.341 0.340 0.340 0.339 0.339 0.338 0.337 0.336 0.335 0.335 0.334 0.333 0.331 0.330 0.329 0.327 0.326 0.324 0.322 0.320 0.318 0.316 0.313 0.310 0.307 0.303 0.299 0.295 0.290 0.285 0.279 0.273 0.273 0.239 0.198 0.156 0.113 0.071 0.028 0.000
BCC_B2
300.000 309.200 319.200 329.200 339.200 349.200 359.200 369.200 379.200 389.200 399.200 409.200 419.200 429.200 439.200 449.200 459.200 469.200 479.200 489.200 499.200 509.200 519.200 526.528 526.528 529.200 539.200 549.200 559.200 569.200 574.891 579.200 589.200 599.200 609.200 619.200 629.200 629.600 nan 726.239 728.000 730.000 732.000 734.000 736.000 738.000 739.328 740.000 748.434 748.434 748.434 750.000 760.000 761.885 770.000 780.000 790.000 800.000 810.000 820.000 830.000 840.000 850.000 853.073
0.333 0.334 0.334 0.335 0.335 0.336 0.336 0.337 0.338 0.339 0.339 0.340 0.341 0.342 0.343 0.344 0.345 0.346 0.347 0.349 0.350 0.351 0.353 0.354 0.354 0.354 0.354 0.354 0.354 0.355 0.355 0.356 0.357 0.359 0.362 0.364 0.367 0.367 nan 0.000 0.023 0.050 0.078 0.106 0.134 0.162 0.180 0.179 0.158 0.158 0.158 0.151 0.109 0.102 0.095 0.087 0.078 0.069 0.058 0.047 0.034 0.021 0.005 0.000
HCP_A3
300.000 309.200 319.200 329.200 339.200 349.200 359.200 369.200 379.200 389.200 399.200 409.200 419.200 429.200 439.200 449.200 459.200 469.200 479.200 489.200 499.200 509.200 519.200 526.528 526.528 529.200 539.200 549.200 559.200 569.200 574.891 579.200 589.200 599.200 609.200 619.200 629.200 629.600 nan 629.600 630.000 632.000 634.000 636.000 638.000 640.000 642.000 644.000 646.000 648.000 650.000 652.000 654.000 656.000 658.000 660.000 662.000 664.000 666.000 668.000 670.000 672.000 674.000 676.000 678.000 680.000 682.000 684.000 686.000 688.000 690.000 692.000 694.000 696.000 698.000 700.000 702.000 704.000 706.000 708.000 710.000 712.000 714.000 716.000 718.000 720.000 722.000 724.000 726.239 726.239 728.000 730.000 732.000 734.000 736.000 738.000 739.328 740.000 748.434 748.434 748.434 750.000 760.000 761.885
0.353 0.353 0.353 0.353 0.352 0.352 0.352 0.352 0.352 0.352 0.351 0.351 0.351 0.350 0.350 0.349 0.349 0.348 0.348 0.347 0.346 0.345 0.344 0.344 0.344 0.336 0.317 0.307 0.301 0.296 0.294 0.294 0.292 0.291 0.290 0.288 0.286 0.286 nan 0.452 0.492 0.285 0.285 0.284 0.284 0.283 0.283 0.282 0.282 0.281 0.281 0.280 0.279 0.279 0.278 0.277 0.276 0.276 0.275 0.274 0.273 0.272 0.271 0.270 0.269 0.268 0.267 0.266 0.264 0.263 0.261 0.260 0.258 0.256 0.254 0.252 0.250 0.248 0.245 0.243 0.240 0.236 0.233 0.229 0.224 0.220 0.214 0.209 0.202 0.202 0.195 0.187 0.178 0.169 0.159 0.149 0.142 0.138 0.094 0.094 0.094 0.083 0.014 0.000
BCC_B2#2
526.528 529.200 539.200 549.200 559.200 569.200 574.891 579.200 589.200 599.200 609.200 619.200 629.200 629.600 nan 629.600 630.000 632.000 634.000 636.000 638.000 640.000 642.000 644.000 646.000 648.000 650.000 652.000 654.000 656.000 658.000 660.000 662.000 664.000 666.000 668.000 670.000 672.000 674.000 676.000 678.000 680.000 682.000 684.000 686.000 688.000 690.000 692.000 694.000 696.000 698.000 700.000 702.000 704.000 706.000 708.000 710.000 712.000 714.000 716.000 718.000 720.000 722.000 724.000 726.239 726.239 728.000 730.000 732.000 734.000 736.000 738.000 739.328 740.000 748.434 748.434 748.434 750.000 760.000 761.885 770.000 780.000 790.000 800.000 810.000 820.000 830.000 840.000 850.000 853.073 853.073 854.435 854.435 860.000 870.000 880.000 890.000 900.000 910.000 920.000 930.000 940.000 950.000 960.000 970.000 980.000 990.000 1000.000 1010.000 1020.000 1030.000 1040.000 1050.000 1060.000 1070.000 1080.000 1090.000 1100.000 1110.000 1120.000 1130.000 1140.000 1150.000 1160.000 1170.000 1180.000 1190.000 1200.000 1210.000 1220.000 1230.000 1240.000 1250.000 1260.000 1270.000 1280.000 1290.000 1300.000 1310.000 1320.000 1330.000 1340.000 1350.000 1360.000 1370.000 1380.000 1390.000 1400.000
0.000 0.059 0.192 0.261 0.305 0.337 0.351 0.351 0.350 0.350 0.349 0.348 0.347 0.347 nan 0.548 0.000 0.368 0.369 0.370 0.370 0.371 0.372 0.373 0.374 0.374 0.375 0.376 0.377 0.379 0.380 0.381 0.382 0.383 0.385 0.386 0.388 0.389 0.391 0.393 0.395 0.397 0.399 0.401 0.403 0.406 0.408 0.411 0.414 0.418 0.421 0.425 0.430 0.434 0.439 0.445 0.451 0.457 0.464 0.472 0.481 0.490 0.501 0.512 0.526 0.526 0.544 0.565 0.588 0.612 0.637 0.662 0.678 0.683 0.748 0.748 0.748 0.763 0.864 0.884 0.892 0.901 0.911 0.922 0.934 0.947 0.961 0.976 0.993 0.999 0.999 1.000 1.000 1.000 1.000 1.000 1.000 1.000 1.000 1.000 1.000 1.000 1.000 1.000 1.000 1.000 1.000 1.000 1.000 1.000 1.000 1.000 1.000 1.000 1.000 1.000 1.000 1.000 1.000 1.000 1.000 1.000 1.000 1.000 1.000 1.000 1.000 1.000 1.000 1.000 1.000 1.000 1.000 1.000 1.000 1.000 1.000 1.000 1.000 1.000 1.000 1.000 1.000 1.000 1.000 1.000 1.000 1.000
C15_LAVES
748.434 750.000 760.000 761.885 770.000 780.000 790.000 800.000 810.000 820.000 830.000 840.000 850.000 853.073 853.073 854.435
0.000 0.002 0.012 0.014 0.013 0.012 0.010 0.009 0.008 0.006 0.005 0.003 0.001 0.001 0.001 0.000
