22 23 41 24
0.431 0.264 0.167 0.139
C15_LAVES
300.000 309.200 319.200 329.200 339.200 349.200 359.200 361.740 nan 764.298 770.000 771.938 780.000 783.129
0.032 0.027 0.022 0.016 0.011 0.006 0.001 0.000 nan 0.000 0.002 0.002 0.001 0.000
BCC_B2#2
300.000 309.200 319.200 329.200 339.200 349.200 359.200 361.740 369.200 379.200 389.200 399.200 409.200 419.200 429.200 439.200 449.200 459.200 469.200 479.200 489.200 499.200 509.200 519.200 529.200 539.200 549.200 553.911 553.911 559.200 569.200 579.200 589.200 599.200 609.200 619.200 629.200 639.200 649.200 659.200 669.200 679.200 687.575 689.200 699.200 709.200 712.091 712.091 713.200 715.200 717.200 719.200 721.200 723.200 725.200 727.200 729.200 731.200 733.200 735.200 737.200 739.200 743.764 749.200 759.200 759.600 760.000 762.000 764.000 764.298 764.298 764.298 770.000 771.938 780.000 783.129 790.000 800.000 810.000 820.000 830.000 840.000 850.000 860.000 870.000 877.660 877.660 880.000 890.000 900.000 910.000 920.000 930.000 940.000 950.000 960.000 970.000 980.000 990.000 1000.000 1010.000 1020.000 1030.000 1040.000 1050.000 1060.000 1070.000 1080.000 1090.000 1100.000 1110.000 1120.000 1130.000 1140.000 1150.000 1160.000 1170.000 1180.000 1190.000 1200.000 1210.000 1220.000 1230.000 1240.000 1250.000 1260.000 1270.000 1280.000 1290.000 1300.000 1310.000 1320.000 1330.000 1340.000 1350.000 1360.000 1370.000 1380.000 1390.000 1400.000
0.260 0.263 0.266 0.269 0.272 0.274 0.277 0.278 0.278 0.278 0.279 0.280 0.280 0.281 0.281 0.282 0.283 0.283 0.284 0.285 0.286 0.287 0.288 0.289 0.290 0.291 0.292 0.293 0.293 0.293 0.293 0.293 0.294 0.294 0.295 0.296 0.297 0.299 0.301 0.303 0.307 0.312 0.317 0.318 0.329 0.346 0.353 0.353 0.356 0.362 0.370 0.379 0.389 0.401 0.414 0.430 0.446 0.464 0.483 0.502 0.522 0.542 0.588 0.626 0.704 0.708 0.856 0.728 0.745 0.748 0.748 0.748 0.802 0.821 0.828 0.831 0.838 0.850 0.862 0.876 0.891 0.908 0.928 0.950 0.977 1.000 1.000 1.000 1.000 1.000 1.000 1.000 1.000 1.000 1.000 1.000 1.000 1.000 1.000 1.000 1.000 1.000 1.000 1.000 1.000 1.000 1.000 1.000 1.000 1.000 1.000 1.000 1.000 1.000 1.000 1.000 1.000 1.000 1.000 1.000 1.000 1.000 1.000 1.000 1.000 1.000 1.000 1.000 1.000 1.000 1.000 1.000 1.000 1.000 1.000 1.000 1.000 1.000 1.000 1.000
BCC_B2
300.000 309.200 319.200 329.200 339.200 349.200 359.200 361.740 369.200 379.200 389.200 399.200 409.200 419.200 429.200 439.200 449.200 459.200 469.200 479.200 489.200 499.200 509.200 519.200 529.200 539.200 549.200 553.911 553.911 559.200 569.200 579.200 589.200 599.200 609.200 619.200 629.200 639.200 649.200 659.200 669.200 679.200 687.575 nan 712.091 713.200 715.200 717.200 719.200 721.200 723.200 725.200 727.200 729.200 731.200 733.200 735.200 737.200 739.200 743.764 749.200 759.200 759.600 760.000 762.000 764.000 764.298 764.298 764.298 770.000 771.938 780.000 783.129 790.000 800.000 810.000 820.000 830.000 840.000 850.000 860.000 870.000 877.660
0.344 0.347 0.349 0.352 0.354 0.357 0.359 0.360 0.359 0.359 0.359 0.358 0.358 0.358 0.357 0.357 0.357 0.357 0.356 0.356 0.356 0.356 0.355 0.355 0.355 0.355 0.355 0.355 0.355 0.318 0.264 0.222 0.188 0.160 0.136 0.114 0.094 0.075 0.057 0.040 0.024 0.010 0.000 nan 0.000 0.003 0.008 0.016 0.025 0.036 0.050 0.066 0.084 0.104 0.124 0.145 0.165 0.185 0.205 0.250 0.238 0.213 0.212 0.144 0.206 0.201 0.200 0.200 0.200 0.183 0.177 0.171 0.169 0.162 0.150 0.138 0.124 0.109 0.092 0.072 0.050 0.023 0.000
HCP_A3
300.000 309.200 319.200 329.200 339.200 349.200 359.200 361.740 369.200 379.200 389.200 399.200 409.200 419.200 429.200 439.200 449.200 459.200 469.200 479.200 489.200 499.200 509.200 519.200 529.200 539.200 549.200 553.911 553.911 559.200 569.200 579.200 589.200 599.200 609.200 619.200 629.200 639.200 649.200 659.200 669.200 679.200 687.575 689.200 699.200 709.200 712.091 712.091 713.200 715.200 717.200 719.200 721.200 723.200 725.200 727.200 729.200 731.200 733.200 735.200 737.200 739.200 743.764 749.200 759.200 759.600 760.000 762.000 764.000 764.298 764.298 764.298 770.000 771.938
0.363 0.363 0.363 0.363 0.363 0.363 0.363 0.363 0.363 0.363 0.362 0.362 0.362 0.362 0.361 0.361 0.361 0.360 0.360 0.359 0.359 0.358 0.357 0.356 0.355 0.354 0.353 0.353 0.353 0.347 0.337 0.330 0.324 0.319 0.314 0.310 0.306 0.302 0.298 0.294 0.289 0.284 0.279 0.278 0.272 0.263 0.259 0.259 0.258 0.255 0.252 0.248 0.244 0.240 0.234 0.228 0.222 0.215 0.207 0.199 0.191 0.182 0.162 0.136 0.082 0.080 0.000 0.066 0.053 0.051 0.051 0.051 0.014 0.000
BCC_B2#3
553.911 559.200 569.200 579.200 589.200 599.200 609.200 619.200 629.200 639.200 649.200 659.200 669.200 679.200 687.575 689.200 699.200 709.200 712.091 712.091 713.200 715.200 717.200 719.200 721.200 723.200 725.200 727.200 729.200 731.200 733.200 735.200 737.200 739.200 743.764
0.000 0.043 0.106 0.155 0.194 0.226 0.255 0.280 0.303 0.324 0.344 0.363 0.380 0.394 0.404 0.403 0.399 0.392 0.388 0.388 0.384 0.375 0.363 0.348 0.331 0.309 0.285 0.258 0.228 0.197 0.165 0.134 0.102 0.071 0.000
