22 23 41 24
0.431 0.306 0.139 0.125
BCC_B2#2
300.000 304.600 314.600 324.600 334.600 344.600 354.600 364.600 374.600 384.600 394.600 404.600 414.600 424.600 434.600 444.600 454.600 464.600 474.600 484.600 494.600 504.600 514.098 514.098 514.600 518.507 nan 822.800 822.800 822.900 823.000 823.100 823.200 823.300 823.400 823.500 823.600 823.700 823.800 823.900 824.000 824.100 824.200 824.300 824.400 824.500 824.600 824.700 824.800 824.825
0.395 0.394 0.394 0.394 0.394 0.394 0.393 0.393 0.393 0.393 0.393 0.392 0.392 0.392 0.392 0.392 0.392 0.392 0.392 0.392 0.392 0.393 0.393 0.393 0.301 0.000 nan 0.008 0.000 0.008 0.007 0.007 0.006 0.006 0.006 0.005 0.005 0.005 0.004 0.004 0.003 0.003 0.003 0.002 0.002 0.001 0.001 0.001 0.000 0.000
BCC_B2
300.000 304.600 314.600 324.600 334.600 344.600 354.600 364.600 374.600 384.600 394.600 404.600 414.600 424.600 434.600 444.600 454.600 464.600 474.600 484.600 494.600 504.600 514.098 514.098 514.600 518.507 518.600 518.600 520.600 522.600 524.600 526.600 528.600 530.600 532.600 534.600 536.600 538.600 540.600 542.600 544.600 546.600 548.600 550.600 552.600 554.600 556.600 558.600 560.600 562.600 564.600 566.600 568.600 570.600 572.600 574.600 576.600 578.600 580.600 582.600 584.600 586.600 588.600 590.600 592.600 594.600 596.600 598.600 600.600 602.600 604.600 606.600 608.600 610.600 612.600 614.600 616.600 618.600 620.600 622.600 624.600 626.600 628.600 630.600 632.600 634.600 636.600 638.600 640.600 642.600 644.600 646.600 648.600 650.600 652.600 654.600 656.600 658.600 660.600 662.600 664.600 666.600 668.600 670.600 672.600 674.600 676.600 678.600 680.600 682.600 684.600 686.600 688.600 690.600 692.600 694.600 696.600 698.600 700.600 702.600 704.600 706.600 708.600 710.600 712.600 714.600 716.600 718.600 720.600 722.600 732.600 742.600 752.600 762.600 772.600 773.356 782.600 792.600 802.600 812.600 822.600 822.800 822.800 nan 822.800 822.800 822.900 823.000 823.100 823.200 823.300 823.400 823.500 823.600 823.700 823.800 823.900 824.000 824.100 824.200 824.300 824.400 824.500 824.600 824.700 824.800 824.825 830.000 840.000 850.000 850.000 860.000 870.000 880.000 890.000 900.000 910.000 920.000 930.000 940.000 950.000 960.000 970.000 980.000 990.000 1000.000 1010.000 1020.000 1030.000 1040.000 1050.000 1060.000 1070.000 1080.000 1090.000 1100.000 1110.000 1120.000 1130.000 1140.000 1150.000 1160.000 1170.000 1180.000 1190.000 1200.000 1210.000 1220.000 1230.000 1240.000 1250.000 1260.000 1270.000 1280.000 1290.000 1300.000 1310.000 1320.000 1330.000 1340.000 1350.000 1360.000 1370.000 1380.000 1390.000 1400.000
0.234 0.235 0.235 0.235 0.235 0.236 0.236 0.237 0.237 0.237 0.238 0.238 0.239 0.239 0.240 0.240 0.241 0.241 0.242 0.243 0.243 0.244 0.245 0.245 0.244 0.242 0.242 0.242 0.242 0.242 0.242 0.242 0.242 0.242 0.242 0.243 0.243 0.243 0.243 0.243 0.243 0.243 0.243 0.243 0.243 0.243 0.243 0.243 0.244 0.244 0.244 0.244 0.244 0.244 0.244 0.244 0.244 0.245 0.245 0.245 0.245 0.245 0.245 0.245 0.246 0.246 0.246 0.246 0.246 0.247 0.247 0.247 0.247 0.248 0.248 0.248 0.248 0.249 0.249 0.249 0.250 0.250 0.250 0.251 0.251 0.252 0.252 0.253 0.253 0.254 0.255 0.255 0.256 0.257 0.258 0.259 0.260 0.261 0.262 0.263 0.264 0.266 0.267 0.269 0.270 0.272 0.274 0.277 0.279 0.282 0.284 0.288 0.291 0.295 0.299 0.303 0.308 0.313 0.319 0.325 0.332 0.339 0.346 0.354 0.362 0.371 0.380 0.389 0.399 0.409 0.464 0.528 0.602 0.689 0.791 0.800 0.827 0.861 0.899 0.941 0.989 0.990 0.990 nan 0.992 1.000 0.992 0.993 0.993 0.994 0.994 0.994 0.995 0.995 0.995 0.996 0.996 0.997 0.997 0.997 0.998 0.998 0.999 0.999 0.999 1.000 1.000 1.000 1.000 1.000 1.000 1.000 1.000 1.000 1.000 1.000 1.000 1.000 1.000 1.000 1.000 1.000 1.000 1.000 1.000 1.000 1.000 1.000 1.000 1.000 1.000 1.000 1.000 1.000 1.000 1.000 1.000 1.000 1.000 1.000 1.000 1.000 1.000 1.000 1.000 1.000 1.000 1.000 1.000 1.000 1.000 1.000 1.000 1.000 1.000 1.000 1.000 1.000 1.000 1.000 1.000 1.000 1.000 1.000 1.000 1.000
HCP_A3
300.000 304.600 314.600 324.600 334.600 344.600 354.600 364.600 374.600 384.600 394.600 404.600 414.600 424.600 434.600 444.600 454.600 464.600 474.600 484.600 494.600 504.600 514.098 514.098 514.600 518.507 518.600 518.600 520.600 522.600 524.600 526.600 528.600 530.600 532.600 534.600 536.600 538.600 540.600 542.600 544.600 546.600 548.600 550.600 552.600 554.600 556.600 558.600 560.600 562.600 564.600 566.600 568.600 570.600 572.600 574.600 576.600 578.600 580.600 582.600 584.600 586.600 588.600 590.600 592.600 594.600 596.600 598.600 600.600 602.600 604.600 606.600 608.600 610.600 612.600 614.600 616.600 618.600 620.600 622.600 624.600 626.600 628.600 630.600 632.600 634.600 636.600 638.600 640.600 642.600 644.600 646.600 648.600 650.600 652.600 654.600 656.600 658.600 660.600 662.600 664.600 666.600 668.600 670.600 672.600 674.600 676.600 678.600 680.600 682.600 684.600 686.600 688.600 690.600 692.600 694.600 696.600 698.600 700.600 702.600 704.600 706.600 708.600 710.600 712.600 714.600 716.600 718.600 720.600 722.600 732.600 742.600 752.600 762.600 772.600 773.356
0.371 0.371 0.371 0.371 0.371 0.371 0.370 0.370 0.370 0.370 0.370 0.369 0.369 0.369 0.368 0.368 0.367 0.367 0.366 0.365 0.364 0.363 0.362 0.362 0.349 0.303 0.303 0.303 0.303 0.302 0.302 0.302 0.302 0.302 0.302 0.301 0.301 0.301 0.301 0.301 0.300 0.300 0.300 0.300 0.300 0.299 0.299 0.299 0.299 0.298 0.298 0.298 0.298 0.297 0.297 0.297 0.297 0.296 0.296 0.296 0.296 0.295 0.295 0.295 0.294 0.294 0.294 0.293 0.293 0.293 0.292 0.292 0.292 0.291 0.291 0.291 0.290 0.290 0.289 0.289 0.288 0.288 0.287 0.287 0.286 0.286 0.285 0.285 0.284 0.284 0.283 0.282 0.282 0.281 0.280 0.279 0.279 0.278 0.277 0.276 0.275 0.274 0.273 0.272 0.271 0.270 0.269 0.267 0.266 0.264 0.263 0.261 0.259 0.257 0.255 0.253 0.251 0.248 0.245 0.242 0.239 0.236 0.232 0.229 0.225 0.221 0.216 0.212 0.207 0.202 0.175 0.142 0.104 0.059 0.005 0.000
BCC_B2#3
514.098 514.600 518.507 518.600 518.600 520.600 522.600 524.600 526.600 528.600 530.600 532.600 534.600 536.600 538.600 540.600 542.600 544.600 546.600 548.600 550.600 552.600 554.600 556.600 558.600 560.600 562.600 564.600 566.600 568.600 570.600 572.600 574.600 576.600 578.600 580.600 582.600 584.600 586.600 588.600 590.600 592.600 594.600 596.600 598.600 600.600 602.600 604.600 606.600 608.600 610.600 612.600 614.600 616.600 618.600 620.600 622.600 624.600 626.600 628.600 630.600 632.600 634.600 636.600 638.600 640.600 642.600 644.600 646.600 648.600 650.600 652.600 654.600 656.600 658.600 660.600 662.600 664.600 666.600 668.600 670.600 672.600 674.600 676.600 678.600 680.600 682.600 684.600 686.600 688.600 690.600 692.600 694.600 696.600 698.600 700.600 702.600 704.600 706.600 708.600 710.600 712.600 714.600 716.600 718.600 720.600 722.600 732.600 742.600 752.600 762.600 772.600 773.356 782.600 792.600 802.600 812.600 822.600 822.800 822.800
0.000 0.106 0.455 0.455 0.455 0.455 0.455 0.456 0.456 0.456 0.456 0.456 0.456 0.456 0.456 0.456 0.457 0.457 0.457 0.457 0.457 0.457 0.457 0.458 0.458 0.458 0.458 0.458 0.458 0.458 0.458 0.459 0.459 0.459 0.459 0.459 0.459 0.459 0.460 0.460 0.460 0.460 0.460 0.460 0.460 0.461 0.461 0.461 0.461 0.461 0.461 0.461 0.461 0.462 0.462 0.462 0.462 0.462 0.462 0.462 0.462 0.462 0.462 0.462 0.462 0.462 0.462 0.462 0.462 0.462 0.462 0.462 0.462 0.462 0.461 0.461 0.461 0.461 0.460 0.460 0.459 0.459 0.458 0.457 0.456 0.455 0.454 0.453 0.451 0.450 0.448 0.446 0.444 0.441 0.439 0.436 0.432 0.429 0.425 0.421 0.417 0.413 0.409 0.404 0.399 0.394 0.389 0.361 0.329 0.293 0.252 0.204 0.200 0.173 0.139 0.101 0.059 0.011 0.010 0.010
