22 23 41 24
0.431 0.264 0.181 0.125
BCC_B2#3
300.000 303.200 313.200 314.806 323.200 333.200 343.200 353.200 363.200 373.200 383.200 393.200 403.200 413.200 423.200 433.200 443.200 453.200 463.200 473.200 483.200 493.200 503.200 513.200 523.200 531.756 531.756 533.200 543.200 553.200 563.200 573.200 583.200 593.200 599.234 nan 653.600 654.000 656.000 658.000 660.000 662.000 664.000 666.000 668.000 670.000 672.000 674.000 676.000 678.000 680.000 682.000 684.000 686.000 688.000 690.000 692.000 694.000 696.000 698.000 700.000 702.000 704.000 706.000 708.000 710.000 712.000 714.000 716.000 718.000 720.000 722.000 724.000 726.000 728.000 731.014 731.014 732.000 734.000 736.000 738.000 740.000 742.000 744.000 746.000 748.000 749.600
0.340 0.341 0.344 0.344 0.344 0.344 0.343 0.343 0.343 0.342 0.342 0.341 0.341 0.341 0.340 0.340 0.339 0.339 0.339 0.338 0.338 0.338 0.337 0.337 0.337 0.336 0.336 0.313 0.201 0.136 0.092 0.060 0.034 0.012 0.000 nan 0.000 0.535 0.388 0.387 0.387 0.387 0.386 0.386 0.386 0.385 0.385 0.384 0.384 0.383 0.383 0.382 0.381 0.380 0.379 0.378 0.377 0.376 0.375 0.373 0.372 0.370 0.368 0.366 0.363 0.361 0.358 0.354 0.351 0.346 0.342 0.337 0.331 0.325 0.319 0.309 0.309 0.293 0.259 0.225 0.191 0.158 0.125 0.092 0.060 0.027 0.000
C15_LAVES
300.000 303.200 313.200 314.806
0.008 0.006 0.001 0.000
BCC_B2
300.000 303.200 313.200 314.806 323.200 333.200 343.200 353.200 363.200 373.200 383.200 393.200 403.200 413.200 423.200 433.200 443.200 453.200 463.200 473.200 483.200 493.200 503.200 513.200 523.200 531.756 531.756 533.200 543.200 553.200 563.200 573.200 583.200 593.200 599.234 603.200 613.200 623.200 633.200 643.200 653.200 653.600 nan 731.014 732.000 734.000 736.000 738.000 740.000 742.000 744.000 746.000 748.000 749.600 750.000 760.000 767.212 767.212 770.000 780.000 790.000 800.000 810.000 820.000 830.000 840.000 850.000 860.000 860.556
0.292 0.293 0.296 0.296 0.297 0.297 0.297 0.298 0.298 0.299 0.300 0.300 0.301 0.301 0.302 0.303 0.304 0.305 0.305 0.306 0.307 0.308 0.310 0.311 0.312 0.313 0.313 0.313 0.313 0.312 0.313 0.313 0.313 0.314 0.314 0.315 0.317 0.319 0.321 0.324 0.328 0.328 nan 0.000 0.011 0.033 0.054 0.075 0.096 0.117 0.138 0.158 0.179 0.195 0.194 0.169 0.149 0.149 0.146 0.136 0.125 0.113 0.099 0.084 0.067 0.048 0.027 0.002 0.000
HCP_A3
300.000 303.200 313.200 314.806 323.200 333.200 343.200 353.200 363.200 373.200 383.200 393.200 403.200 413.200 423.200 433.200 443.200 453.200 463.200 473.200 483.200 493.200 503.200 513.200 523.200 531.756 531.756 533.200 543.200 553.200 563.200 573.200 583.200 593.200 599.234 603.200 613.200 623.200 633.200 643.200 653.200 653.600 nan 653.600 654.000 656.000 658.000 660.000 662.000 664.000 666.000 668.000 670.000 672.000 674.000 676.000 678.000 680.000 682.000 684.000 686.000 688.000 690.000 692.000 694.000 696.000 698.000 700.000 702.000 704.000 706.000 708.000 710.000 712.000 714.000 716.000 718.000 720.000 722.000 724.000 726.000 728.000 731.014 731.014 732.000 734.000 736.000 738.000 740.000 742.000 744.000 746.000 748.000 749.600 750.000 760.000 767.212 767.212
0.360 0.360 0.360 0.360 0.360 0.359 0.359 0.359 0.359 0.359 0.359 0.358 0.358 0.358 0.358 0.357 0.357 0.356 0.356 0.355 0.355 0.354 0.353 0.352 0.351 0.350 0.350 0.347 0.329 0.318 0.311 0.305 0.301 0.297 0.295 0.294 0.293 0.291 0.289 0.287 0.284 0.284 nan 0.423 0.465 0.283 0.283 0.282 0.281 0.281 0.280 0.279 0.278 0.277 0.277 0.276 0.275 0.274 0.273 0.271 0.270 0.269 0.268 0.266 0.265 0.263 0.261 0.259 0.257 0.255 0.253 0.250 0.247 0.244 0.241 0.237 0.233 0.228 0.223 0.218 0.212 0.206 0.195 0.195 0.191 0.183 0.174 0.165 0.156 0.146 0.136 0.126 0.116 0.107 0.105 0.048 0.000 0.000
BCC_B2#2
531.756 533.200 543.200 553.200 563.200 573.200 583.200 593.200 599.234 603.200 613.200 623.200 633.200 643.200 653.200 653.600 nan 653.600 654.000 656.000 658.000 660.000 662.000 664.000 666.000 668.000 670.000 672.000 674.000 676.000 678.000 680.000 682.000 684.000 686.000 688.000 690.000 692.000 694.000 696.000 698.000 700.000 702.000 704.000 706.000 708.000 710.000 712.000 714.000 716.000 718.000 720.000 722.000 724.000 726.000 728.000 731.014 731.014 732.000 734.000 736.000 738.000 740.000 742.000 744.000 746.000 748.000 749.600 750.000 760.000 767.212 767.212 770.000 780.000 790.000 800.000 810.000 820.000 830.000 840.000 850.000 860.000 860.556 860.556 870.000 880.000 890.000 900.000 910.000 920.000 930.000 940.000 950.000 960.000 970.000 980.000 990.000 1000.000 1010.000 1020.000 1030.000 1040.000 1050.000 1060.000 1070.000 1080.000 1090.000 1100.000 1110.000 1120.000 1130.000 1140.000 1150.000 1160.000 1170.000 1180.000 1190.000 1200.000 1210.000 1220.000 1230.000 1240.000 1250.000 1260.000 1270.000 1280.000 1290.000 1300.000 1310.000 1320.000 1330.000 1340.000 1350.000 1360.000 1370.000 1380.000 1390.000 1400.000
0.000 0.027 0.157 0.233 0.284 0.322 0.352 0.377 0.391 0.391 0.390 0.390 0.390 0.389 0.388 0.388 nan 0.577 0.000 0.329 0.330 0.331 0.332 0.333 0.334 0.335 0.336 0.338 0.339 0.341 0.342 0.344 0.346 0.347 0.349 0.352 0.354 0.356 0.359 0.362 0.365 0.369 0.373 0.377 0.381 0.386 0.392 0.398 0.405 0.412 0.421 0.430 0.440 0.451 0.462 0.475 0.496 0.496 0.506 0.526 0.547 0.568 0.590 0.611 0.634 0.656 0.679 0.698 0.701 0.784 0.851 0.851 0.854 0.864 0.875 0.887 0.901 0.916 0.933 0.952 0.973 0.998 1.000 1.000 1.000 1.000 1.000 1.000 1.000 1.000 1.000 1.000 1.000 1.000 1.000 1.000 1.000 1.000 1.000 1.000 1.000 1.000 1.000 1.000 1.000 1.000 1.000 1.000 1.000 1.000 1.000 1.000 1.000 1.000 1.000 1.000 1.000 1.000 1.000 1.000 1.000 1.000 1.000 1.000 1.000 1.000 1.000 1.000 1.000 1.000 1.000 1.000 1.000 1.000 1.000 1.000 1.000 1.000
