22 23 41 24
0.444 0.292 0.139 0.125
BCC_B2#3
700.000 702.000 704.000 706.000 708.000 710.000 712.000 714.000 716.000 718.000 720.000 722.000 724.000 726.000 728.000 730.000 740.000 750.000 760.000 770.000 776.863 780.000 790.000 800.000 810.000 810.548 810.548 812.598
0.429 0.426 0.424 0.421 0.417 0.414 0.410 0.406 0.401 0.397 0.392 0.387 0.382 0.377 0.371 0.366 0.336 0.302 0.265 0.222 0.189 0.180 0.152 0.119 0.083 0.081 0.081 0.000
BCC_B2
700.000 702.000 704.000 706.000 708.000 710.000 712.000 714.000 716.000 718.000 720.000 722.000 724.000 726.000 728.000 730.000 740.000 750.000 760.000 770.000 776.863 780.000 790.000 800.000 810.000 810.548 810.548 812.598 nan 810.000 812.598 820.000 830.000 833.732 833.732 840.000 850.000 860.000 870.000 870.000 880.000 890.000 900.000 910.000 920.000 930.000 940.000 950.000 960.000 970.000 980.000 990.000 1000.000 1010.000 1020.000 1030.000 1040.000 1050.000 1060.000 1070.000 1080.000 1090.000 1100.000 1110.000 1120.000 1130.000 1140.000 1150.000 1160.000 1170.000 1180.000 1190.000 1200.000
0.303 0.308 0.314 0.320 0.326 0.333 0.341 0.349 0.357 0.366 0.376 0.385 0.396 0.406 0.417 0.428 0.489 0.560 0.641 0.736 0.811 0.820 0.848 0.881 0.917 0.919 0.919 0.935 nan 0.928 0.935 0.955 0.987 1.000 1.000 1.000 1.000 1.000 1.000 1.000 1.000 1.000 1.000 1.000 1.000 1.000 1.000 1.000 1.000 1.000 1.000 1.000 1.000 1.000 1.000 1.000 1.000 1.000 1.000 1.000 1.000 1.000 1.000 1.000 1.000 1.000 1.000 1.000 1.000 1.000 1.000 1.000 1.000
HCP_A3
700.000 702.000 704.000 706.000 708.000 710.000 712.000 714.000 716.000 718.000 720.000 722.000 724.000 726.000 728.000 730.000 740.000 750.000 760.000 770.000 776.863
0.268 0.265 0.263 0.260 0.256 0.253 0.249 0.246 0.241 0.237 0.232 0.228 0.223 0.217 0.212 0.206 0.175 0.138 0.094 0.042 0.000
BCC_B2#2
810.000 812.598 820.000 830.000 833.732 833.732 nan 810.548 812.598
0.072 0.065 0.045 0.013 0.000 0.000 nan 0.000 0.065
