22 23 41 24
0.444 0.250 0.181 0.125
BCC_B2#3
700.000 702.000 712.000 715.504 715.504 716.000 718.000 720.000 722.000 724.000 726.000 728.000 730.000 732.000 734.000 736.000 738.699
0.359 0.357 0.347 0.342 0.342 0.338 0.323 0.304 0.282 0.255 0.226 0.193 0.158 0.122 0.086 0.049 0.000
BCC_B2
700.000 702.000 712.000 715.504 715.504 716.000 718.000 720.000 722.000 724.000 726.000 728.000 730.000 732.000 734.000 736.000 738.699 740.000 742.000 744.000 746.000 748.000 749.127 749.127 749.127 750.000 760.000 770.000 770.248 780.000 780.000 790.000 800.000 810.000 820.000 830.000 840.000 850.000 853.739 860.000 868.150 870.000 870.000 880.000 890.000 900.000 910.000 920.000 930.000 940.000 950.000 960.000 970.000 980.000 990.000 1000.000 1010.000 1020.000 1030.000 1040.000 1050.000 1060.000 1070.000 1080.000 1090.000 1100.000 1110.000 1120.000 1130.000 1140.000 1150.000 1160.000 1170.000 1180.000 1190.000 1200.000
0.362 0.365 0.386 0.397 0.397 0.399 0.407 0.418 0.430 0.444 0.460 0.477 0.496 0.516 0.537 0.558 0.588 0.596 0.610 0.624 0.638 0.653 0.662 0.662 0.662 0.669 0.758 0.856 0.859 0.868 0.868 0.878 0.889 0.901 0.914 0.928 0.943 0.960 0.967 0.980 1.000 1.000 1.000 1.000 1.000 1.000 1.000 1.000 1.000 1.000 1.000 1.000 1.000 1.000 1.000 1.000 1.000 1.000 1.000 1.000 1.000 1.000 1.000 1.000 1.000 1.000 1.000 1.000 1.000 1.000 1.000 1.000 1.000 1.000 1.000 1.000
HCP_A3
700.000 702.000 712.000 715.504 715.504 716.000 718.000 720.000 722.000 724.000 726.000 728.000 730.000 732.000 734.000 736.000 738.699 740.000 742.000 744.000 746.000 748.000 749.127 749.127 749.127 750.000 760.000 770.000 770.248
0.280 0.278 0.267 0.262 0.262 0.261 0.257 0.254 0.249 0.244 0.238 0.231 0.224 0.216 0.208 0.199 0.187 0.181 0.172 0.162 0.153 0.143 0.137 0.137 0.137 0.132 0.070 0.002 0.000
BCC_B2#2
715.504 716.000 718.000 720.000 722.000 724.000 726.000 728.000 730.000 732.000 734.000 736.000 738.699 740.000 742.000 744.000 746.000 748.000 749.127 749.127 749.127 750.000 760.000 770.000 770.248 780.000 780.000 790.000 800.000 810.000 820.000 830.000 840.000 850.000 853.739 860.000 868.150
0.000 0.002 0.012 0.025 0.040 0.057 0.077 0.099 0.122 0.146 0.170 0.194 0.226 0.223 0.218 0.214 0.209 0.204 0.202 0.202 0.202 0.198 0.162 0.128 0.127 0.119 0.119 0.111 0.102 0.091 0.080 0.068 0.054 0.039 0.033 0.020 0.000
C15_LAVES
749.127 750.000 760.000 770.000 770.248 780.000 780.000 790.000 800.000 810.000 820.000 830.000 840.000 850.000 853.739
0.000 0.001 0.009 0.014 0.014 0.013 0.013 0.011 0.010 0.008 0.006 0.004 0.003 0.001 0.000
