22 23 41 24
0.444 0.292 0.153 0.111
BCC_B2#3
700.000 702.000 704.000 706.000 708.000 710.000 711.600 721.600 731.600 741.600 751.600 761.600 770.837 771.600 781.600 791.600 801.600 811.600 811.800 811.800
0.384 0.380 0.377 0.373 0.368 0.364 0.360 0.335 0.305 0.272 0.234 0.192 0.147 0.145 0.117 0.085 0.050 0.013 0.012 0.012
BCC_B2
700.000 702.000 704.000 706.000 708.000 710.000 711.600 721.600 731.600 741.600 751.600 761.600 770.837 771.600 781.600 791.600 801.600 811.600 811.800 811.800 nan 811.800 811.800 811.900 812.000 812.100 812.200 812.300 812.400 812.500 812.600 812.700 812.800 812.900 813.000 813.100 813.200 813.300 813.400 813.500 813.600 813.700 813.800 813.900 814.000 814.100 814.200 814.300 814.400 814.500 814.600 814.700 814.800 814.900 815.000 815.045 820.000 830.000 840.000 850.000 860.000 870.000 870.000 880.000 890.000 900.000 910.000 920.000 930.000 940.000 950.000 960.000 970.000 980.000 990.000 1000.000 1010.000 1020.000 1030.000 1040.000 1050.000 1060.000 1070.000 1080.000 1090.000 1100.000 1110.000 1120.000 1130.000 1140.000 1150.000 1160.000 1170.000 1180.000 1190.000 1200.000
0.363 0.370 0.377 0.384 0.392 0.401 0.408 0.457 0.516 0.584 0.663 0.754 0.853 0.855 0.883 0.915 0.950 0.987 0.988 0.988 nan 0.990 1.000 0.991 0.991 0.991 0.992 0.992 0.992 0.992 0.993 0.993 0.993 0.994 0.994 0.994 0.994 0.995 0.995 0.995 0.996 0.996 0.996 0.997 0.997 0.997 0.997 0.998 0.998 0.998 0.999 0.999 0.999 1.000 1.000 1.000 1.000 1.000 1.000 1.000 1.000 1.000 1.000 1.000 1.000 1.000 1.000 1.000 1.000 1.000 1.000 1.000 1.000 1.000 1.000 1.000 1.000 1.000 1.000 1.000 1.000 1.000 1.000 1.000 1.000 1.000 1.000 1.000 1.000 1.000 1.000 1.000 1.000 1.000 1.000 1.000
HCP_A3
700.000 702.000 704.000 706.000 708.000 710.000 711.600 721.600 731.600 741.600 751.600 761.600 770.837
0.253 0.250 0.246 0.243 0.239 0.235 0.232 0.208 0.179 0.144 0.103 0.054 0.000
BCC_B2#2
811.800 811.800 811.900 812.000 812.100 812.200 812.300 812.400 812.500 812.600 812.700 812.800 812.900 813.000 813.100 813.200 813.300 813.400 813.500 813.600 813.700 813.800 813.900 814.000 814.100 814.200 814.300 814.400 814.500 814.600 814.700 814.800 814.900 815.000 815.045
0.010 0.000 0.009 0.009 0.009 0.008 0.008 0.008 0.008 0.007 0.007 0.007 0.006 0.006 0.006 0.006 0.005 0.005 0.005 0.004 0.004 0.004 0.003 0.003 0.003 0.003 0.002 0.002 0.002 0.001 0.001 0.001 0.000 0.000 0.000
