22 23 41 24
0.444 0.278 0.153 0.125
BCC_B2#3
700.000 700.800 702.800 704.800 706.800 708.800 710.800 712.800 714.800 716.800 718.800 720.800 722.800 724.800 726.800 728.800 730.800 732.800 734.800 736.800 738.800 740.800 750.800 760.800 769.224 769.224 770.800 774.015 780.800 781.000
0.406 0.406 0.403 0.401 0.398 0.395 0.392 0.388 0.384 0.380 0.376 0.371 0.366 0.360 0.354 0.349 0.343 0.337 0.330 0.324 0.317 0.311 0.275 0.237 0.201 0.201 0.178 0.128 0.028 0.025
BCC_B2
700.000 700.800 702.800 704.800 706.800 708.800 710.800 712.800 714.800 716.800 718.800 720.800 722.800 724.800 726.800 728.800 730.800 732.800 734.800 736.800 738.800 740.800 750.800 760.800 769.224 769.224 770.800 774.015 780.800 781.000 nan 781.000 781.000 781.100 781.200 781.300 781.400 781.500 781.600 781.700 781.800 781.900 782.000 782.100 782.200 782.300 782.400 782.500 782.600 782.700 782.800 782.900 783.000 783.100 783.200 783.300 783.400 783.500 783.600 783.700 783.800 783.900 784.000 784.100 784.200 784.300 784.400 784.500 784.600 784.700 784.800 784.900 785.000 785.100 785.200 785.300 785.400 785.500 785.600 785.700 785.800 785.900 786.000 786.100 786.200 786.300 786.400 786.500 786.600 786.700 786.800 786.900 787.000 787.100 787.200 787.300 787.400 787.500 787.600 787.700 787.800 787.900 788.000 788.100 788.200 788.300 788.400 788.500 788.600 788.700 788.800 788.900 789.000 789.100 789.200 789.300 789.400 789.500 789.600 789.700 789.800 789.900 790.000 790.100 790.200 790.300 790.400 790.500 790.600 790.700 790.800 790.900 791.000 791.100 791.200 791.300 791.400 791.500 791.600 791.700 791.800 791.900 792.000 792.100 792.200 792.300 792.400 792.500 792.600 792.700 792.800 792.900 793.000 793.100 793.200 793.300 793.400 793.500 793.600 793.700 793.800 793.900 794.000 794.100 794.200 794.300 794.400 794.500 794.600 794.700 794.800 794.900 795.000 795.100 795.200 795.300 795.400 795.500 795.600 795.700 795.800 795.900 796.000 796.100 796.200 796.300 796.400 796.500 796.600 796.700 796.800 796.900 797.000 797.100 797.200 797.300 797.400 797.500 797.600 797.700 797.800 797.900 798.000 798.100 798.200 798.300 798.400 798.500 798.600 798.700 798.800 798.900 799.000 799.100 799.200 799.300 799.400 799.500 799.600 799.700 799.800 799.900 800.000 810.000 820.000 830.000 840.000 845.345 845.345 850.000 860.000 870.000 870.000 880.000 890.000 900.000 910.000 920.000 930.000 940.000 950.000 960.000 970.000 980.000 990.000 1000.000 1010.000 1020.000 1030.000 1040.000 1050.000 1060.000 1070.000 1080.000 1090.000 1100.000 1110.000 1120.000 1130.000 1140.000 1150.000 1160.000 1170.000 1180.000 1190.000 1200.000
0.322 0.323 0.328 0.333 0.338 0.344 0.351 0.358 0.366 0.374 0.383 0.393 0.403 0.414 0.425 0.437 0.450 0.462 0.476 0.489 0.503 0.517 0.595 0.683 0.768 0.768 0.788 0.830 0.860 0.861 nan 0.866 0.883 0.866 0.866 0.866 0.866 0.866 0.867 0.867 0.867 0.867 0.867 0.867 0.867 0.868 0.868 0.868 0.868 0.868 0.868 0.868 0.869 0.869 0.869 0.869 0.869 0.869 0.869 0.870 0.870 0.870 0.870 0.870 0.870 0.870 0.870 0.871 0.871 0.871 0.871 0.871 0.871 0.871 0.872 0.872 0.872 0.872 0.872 0.872 0.872 0.873 0.873 0.873 0.873 0.873 0.873 0.874 0.874 0.874 0.874 0.874 0.874 0.874 0.875 0.875 0.875 0.875 0.875 0.875 0.875 0.876 0.876 0.876 0.876 0.876 0.876 0.876 0.877 0.877 0.877 0.877 0.877 0.877 0.877 0.878 0.878 0.878 0.878 0.878 0.878 0.879 0.879 0.879 0.879 0.879 0.879 0.879 0.880 0.880 0.880 0.880 0.880 0.880 0.880 0.881 0.881 0.881 0.881 0.881 0.881 0.882 0.882 0.882 0.882 0.882 0.882 0.882 0.883 0.883 0.883 0.883 0.883 0.883 0.884 0.884 0.884 0.884 0.884 0.884 0.884 0.885 0.885 0.885 0.885 0.885 0.885 0.886 0.886 0.886 0.886 0.886 0.886 0.887 0.887 0.887 0.887 0.887 0.887 0.888 0.888 0.888 0.888 0.888 0.888 0.888 0.889 0.889 0.889 0.889 0.889 0.889 0.890 0.890 0.890 0.890 0.890 0.890 0.891 0.891 0.891 0.891 0.891 0.891 0.892 0.892 0.892 0.892 0.892 0.892 0.893 0.893 0.893 0.893 0.893 0.893 0.894 0.894 0.894 0.894 0.894 0.894 0.895 0.912 0.933 0.956 0.983 1.000 1.000 1.000 1.000 1.000 1.000 1.000 1.000 1.000 1.000 1.000 1.000 1.000 1.000 1.000 1.000 1.000 1.000 1.000 1.000 1.000 1.000 1.000 1.000 1.000 1.000 1.000 1.000 1.000 1.000 1.000 1.000 1.000 1.000 1.000 1.000 1.000 1.000 1.000
HCP_A3
700.000 700.800 702.800 704.800 706.800 708.800 710.800 712.800 714.800 716.800 718.800 720.800 722.800 724.800 726.800 728.800 730.800 732.800 734.800 736.800 738.800 740.800 750.800 760.800 769.224 769.224 770.800 774.015
0.272 0.271 0.269 0.266 0.263 0.261 0.257 0.254 0.250 0.246 0.241 0.236 0.231 0.226 0.220 0.214 0.208 0.201 0.194 0.187 0.180 0.172 0.130 0.080 0.031 0.031 0.021 0.000
BCC_B2#2
769.224 770.800 774.015 780.800 781.000 nan 781.000 781.000 781.100 781.200 781.300 781.400 781.500 781.600 781.700 781.800 781.900 782.000 782.100 782.200 782.300 782.400 782.500 782.600 782.700 782.800 782.900 783.000 783.100 783.200 783.300 783.400 783.500 783.600 783.700 783.800 783.900 784.000 784.100 784.200 784.300 784.400 784.500 784.600 784.700 784.800 784.900 785.000 785.100 785.200 785.300 785.400 785.500 785.600 785.700 785.800 785.900 786.000 786.100 786.200 786.300 786.400 786.500 786.600 786.700 786.800 786.900 787.000 787.100 787.200 787.300 787.400 787.500 787.600 787.700 787.800 787.900 788.000 788.100 788.200 788.300 788.400 788.500 788.600 788.700 788.800 788.900 789.000 789.100 789.200 789.300 789.400 789.500 789.600 789.700 789.800 789.900 790.000 790.100 790.200 790.300 790.400 790.500 790.600 790.700 790.800 790.900 791.000 791.100 791.200 791.300 791.400 791.500 791.600 791.700 791.800 791.900 792.000 792.100 792.200 792.300 792.400 792.500 792.600 792.700 792.800 792.900 793.000 793.100 793.200 793.300 793.400 793.500 793.600 793.700 793.800 793.900 794.000 794.100 794.200 794.300 794.400 794.500 794.600 794.700 794.800 794.900 795.000 795.100 795.200 795.300 795.400 795.500 795.600 795.700 795.800 795.900 796.000 796.100 796.200 796.300 796.400 796.500 796.600 796.700 796.800 796.900 797.000 797.100 797.200 797.300 797.400 797.500 797.600 797.700 797.800 797.900 798.000 798.100 798.200 798.300 798.400 798.500 798.600 798.700 798.800 798.900 799.000 799.100 799.200 799.300 799.400 799.500 799.600 799.700 799.800 799.900 800.000 810.000 820.000 830.000 840.000 845.345 845.345
0.000 0.013 0.042 0.112 0.114 nan 0.134 0.117 0.134 0.134 0.134 0.134 0.134 0.133 0.133 0.133 0.133 0.133 0.133 0.133 0.132 0.132 0.132 0.132 0.132 0.132 0.132 0.131 0.131 0.131 0.131 0.131 0.131 0.131 0.130 0.130 0.130 0.130 0.130 0.130 0.130 0.130 0.129 0.129 0.129 0.129 0.129 0.129 0.129 0.128 0.128 0.128 0.128 0.128 0.128 0.128 0.127 0.127 0.127 0.127 0.127 0.127 0.126 0.126 0.126 0.126 0.126 0.126 0.126 0.125 0.125 0.125 0.125 0.125 0.125 0.125 0.124 0.124 0.124 0.124 0.124 0.124 0.124 0.123 0.123 0.123 0.123 0.123 0.123 0.123 0.122 0.122 0.122 0.122 0.122 0.122 0.121 0.121 0.121 0.121 0.121 0.121 0.121 0.120 0.120 0.120 0.120 0.120 0.120 0.120 0.119 0.119 0.119 0.119 0.119 0.119 0.118 0.118 0.118 0.118 0.118 0.118 0.118 0.117 0.117 0.117 0.117 0.117 0.117 0.116 0.116 0.116 0.116 0.116 0.116 0.116 0.115 0.115 0.115 0.115 0.115 0.115 0.114 0.114 0.114 0.114 0.114 0.114 0.113 0.113 0.113 0.113 0.113 0.113 0.112 0.112 0.112 0.112 0.112 0.112 0.112 0.111 0.111 0.111 0.111 0.111 0.111 0.110 0.110 0.110 0.110 0.110 0.110 0.109 0.109 0.109 0.109 0.109 0.109 0.108 0.108 0.108 0.108 0.108 0.108 0.107 0.107 0.107 0.107 0.107 0.107 0.106 0.106 0.106 0.106 0.106 0.106 0.105 0.088 0.067 0.044 0.017 0.000 0.000
