22 23 41 24
0.444 0.306 0.125 0.125
BCC_B2#2
700.000 702.000 704.000 706.000 708.000 710.000 712.000 714.000 716.000 718.000 719.200 729.200 739.200 749.200 759.200 769.200 779.200 780.471 789.200 799.200 809.200 819.200 823.271
0.451 0.448 0.445 0.442 0.438 0.435 0.431 0.427 0.422 0.418 0.415 0.391 0.363 0.331 0.293 0.249 0.198 0.190 0.161 0.122 0.076 0.024 0.000
BCC_B2
700.000 702.000 704.000 706.000 708.000 710.000 712.000 714.000 716.000 718.000 719.200 729.200 739.200 749.200 759.200 769.200 779.200 780.471 789.200 799.200 809.200 819.200 823.271 829.200 839.200 839.300 839.400 839.500 839.600 839.700 839.800 839.900 840.000 850.000 860.000 870.000 870.000 880.000 890.000 900.000 910.000 920.000 930.000 940.000 950.000 960.000 970.000 980.000 990.000 1000.000 1010.000 1020.000 1030.000 1040.000 1050.000 1060.000 1070.000 1080.000 1090.000 1100.000 1110.000 1120.000 1130.000 1140.000 1150.000 1160.000 1170.000 1180.000 1190.000 1200.000
0.285 0.291 0.297 0.303 0.310 0.317 0.325 0.333 0.341 0.349 0.354 0.402 0.457 0.522 0.597 0.687 0.794 0.810 0.839 0.878 0.924 0.976 1.000 1.000 1.000 1.000 1.000 1.000 1.000 1.000 1.000 1.000 1.000 1.000 1.000 1.000 1.000 1.000 1.000 1.000 1.000 1.000 1.000 1.000 1.000 1.000 1.000 1.000 1.000 1.000 1.000 1.000 1.000 1.000 1.000 1.000 1.000 1.000 1.000 1.000 1.000 1.000 1.000 1.000 1.000 1.000 1.000 1.000 1.000 1.000
HCP_A3
700.000 702.000 704.000 706.000 708.000 710.000 712.000 714.000 716.000 718.000 719.200 729.200 739.200 749.200 759.200 769.200 779.200 780.471
0.264 0.261 0.258 0.255 0.252 0.248 0.245 0.241 0.237 0.233 0.230 0.207 0.180 0.148 0.110 0.064 0.008 0.000
