22 23 41 24
0.458 0.222 0.208 0.111
BCC_B2#3
700.000 702.000 704.000 706.000 708.000 710.000 712.000 714.000 716.000 718.000 720.000 722.000 724.456
0.208 0.203 0.196 0.188 0.179 0.168 0.155 0.139 0.121 0.099 0.073 0.043 0.000
BCC_B2#2
700.000 702.000 704.000 706.000 708.000 710.000 712.000 714.000 716.000 718.000 720.000 722.000 724.456 726.000 728.000 730.000 730.638 730.638 730.638 732.000 734.000 736.000 738.000 740.000 742.000 744.000 746.000 748.000 750.000 760.000 767.094 770.000 780.000 790.000 800.000 808.293
0.076 0.080 0.084 0.089 0.095 0.102 0.111 0.121 0.134 0.149 0.166 0.187 0.217 0.214 0.211 0.207 0.206 0.206 0.206 0.199 0.188 0.178 0.168 0.158 0.148 0.138 0.129 0.120 0.112 0.071 0.043 0.040 0.031 0.021 0.010 0.000
BCC_B2
700.000 702.000 704.000 706.000 708.000 710.000 712.000 714.000 716.000 718.000 720.000 722.000 724.456 726.000 728.000 730.000 730.638 730.638 730.638 732.000 734.000 736.000 738.000 740.000 742.000 744.000 746.000 748.000 750.000 760.000 767.094 770.000 780.000 790.000 800.000 808.293 810.000 810.000 820.000 830.000 840.000 850.000 860.000 870.000 880.000 888.773 890.000 900.000 910.000 920.000 930.000 940.000 950.000 960.000 970.000 980.000 990.000 1000.000 1010.000 1020.000 1030.000 1040.000 1050.000 1060.000 1070.000 1080.000 1090.000 1100.000 1110.000 1120.000 1130.000 1140.000 1150.000 1160.000 1170.000 1180.000 1190.000 1200.000
0.418 0.422 0.427 0.432 0.437 0.443 0.450 0.458 0.467 0.478 0.490 0.505 0.526 0.533 0.543 0.553 0.557 0.557 0.557 0.568 0.586 0.604 0.622 0.641 0.659 0.678 0.697 0.715 0.734 0.831 0.905 0.908 0.918 0.929 0.941 0.952 0.953 0.953 0.958 0.964 0.970 0.976 0.982 0.988 0.994 1.000 1.000 1.000 1.000 1.000 1.000 1.000 1.000 1.000 1.000 1.000 1.000 1.000 1.000 1.000 1.000 1.000 1.000 1.000 1.000 1.000 1.000 1.000 1.000 1.000 1.000 1.000 1.000 1.000 1.000 1.000 1.000 1.000
HCP_A3
700.000 702.000 704.000 706.000 708.000 710.000 712.000 714.000 716.000 718.000 720.000 722.000 724.456 726.000 728.000 730.000 730.638 730.638 730.638 732.000 734.000 736.000 738.000 740.000 742.000 744.000 746.000 748.000 750.000 760.000 767.094
0.297 0.295 0.293 0.291 0.289 0.287 0.284 0.281 0.278 0.274 0.270 0.265 0.257 0.253 0.246 0.239 0.237 0.237 0.237 0.229 0.218 0.205 0.193 0.181 0.168 0.156 0.144 0.131 0.118 0.052 0.000
C15_LAVES
730.638 732.000 734.000 736.000 738.000 740.000 742.000 744.000 746.000 748.000 750.000 760.000 767.094 770.000 780.000 790.000 800.000 808.293 810.000 810.000 820.000 830.000 840.000 850.000 860.000 870.000 880.000 888.773
0.000 0.003 0.008 0.013 0.017 0.021 0.024 0.028 0.031 0.034 0.036 0.047 0.052 0.052 0.051 0.050 0.049 0.048 0.047 0.047 0.042 0.036 0.030 0.024 0.018 0.012 0.006 0.000
