22 23 41 24
0.472 0.292 0.111 0.125
BCC_B2#3
300.000 303.800 313.800 323.800 333.800 343.800 353.800 363.800 373.800 383.800 393.800 403.800 413.800 423.800 433.800 443.800 453.800 463.800 473.800 483.800 493.800 503.800 513.800 516.516 516.516 523.800 527.113
0.392 0.392 0.392 0.392 0.392 0.392 0.391 0.391 0.391 0.391 0.391 0.391 0.391 0.391 0.391 0.391 0.391 0.391 0.392 0.392 0.392 0.392 0.393 0.393 0.393 0.059 0.000
BCC_B2
300.000 303.800 313.800 323.800 333.800 343.800 353.800 363.800 373.800 383.800 393.800 403.800 413.800 423.800 433.800 443.800 453.800 463.800 473.800 483.800 493.800 503.800 513.800 516.516 516.516 523.800 527.113 527.800 529.800 531.800 533.800 535.800 537.800 539.800 539.800 541.800 543.800 545.800 547.800 549.800 551.800 553.800 555.800 557.800 559.800 561.800 563.800 565.800 567.800 569.800 571.800 573.800 575.800 577.800 579.800 581.800 583.800 585.800 587.800 589.800 591.800 593.800 595.800 597.800 599.800 601.800 603.800 605.800 607.800 609.800 611.800 613.800 615.800 617.800 619.800 621.800 623.800 625.800 627.800 629.800 631.800 633.800 635.800 637.800 639.800 641.800 643.800 645.800 647.800 649.800 651.800 653.800 655.800 657.800 659.800 661.800 663.800 665.800 667.800 669.800 671.800 673.800 675.800 677.800 679.800 681.800 683.800 685.800 687.800 689.800 691.800 693.800 695.800 697.800 699.800 701.800 703.800 705.800 707.800 709.800 711.800 713.800 715.800 717.800 719.800 729.800 739.800 749.800 759.800 769.800 779.800 789.800 791.506 799.800 809.800 819.800 827.357 829.800 839.800 839.900 840.000 850.000 850.000 860.000 870.000 880.000 890.000 900.000 910.000 920.000 930.000 940.000 950.000 960.000 970.000 980.000 990.000 1000.000 1010.000 1020.000 1030.000 1040.000 1050.000 1060.000 1070.000 1080.000 1090.000 1100.000 1110.000 1120.000 1130.000 1140.000 1150.000 1160.000 1170.000 1180.000 1190.000 1200.000 1210.000 1220.000 1230.000 1240.000 1250.000 1260.000 1270.000 1280.000 1290.000 1300.000 1310.000 1320.000 1330.000 1340.000 1350.000 1360.000 1370.000 1380.000 1390.000 1400.000
0.192 0.192 0.192 0.192 0.192 0.193 0.193 0.193 0.193 0.194 0.194 0.194 0.195 0.195 0.195 0.196 0.196 0.196 0.197 0.197 0.197 0.198 0.198 0.198 0.198 0.196 0.195 0.195 0.195 0.195 0.195 0.195 0.195 0.195 0.195 0.195 0.195 0.195 0.195 0.195 0.195 0.195 0.195 0.195 0.195 0.195 0.195 0.195 0.195 0.195 0.195 0.195 0.195 0.195 0.195 0.195 0.195 0.195 0.195 0.195 0.195 0.195 0.195 0.195 0.195 0.195 0.195 0.195 0.196 0.196 0.196 0.196 0.196 0.196 0.196 0.196 0.196 0.197 0.197 0.197 0.197 0.197 0.198 0.198 0.198 0.198 0.199 0.199 0.199 0.200 0.200 0.201 0.201 0.202 0.202 0.203 0.204 0.205 0.206 0.206 0.208 0.209 0.210 0.211 0.213 0.215 0.217 0.219 0.221 0.224 0.227 0.230 0.233 0.237 0.241 0.246 0.251 0.256 0.262 0.268 0.275 0.282 0.289 0.296 0.304 0.347 0.396 0.453 0.520 0.601 0.698 0.816 0.838 0.869 0.911 0.960 1.000 1.000 1.000 1.000 1.000 1.000 1.000 1.000 1.000 1.000 1.000 1.000 1.000 1.000 1.000 1.000 1.000 1.000 1.000 1.000 1.000 1.000 1.000 1.000 1.000 1.000 1.000 1.000 1.000 1.000 1.000 1.000 1.000 1.000 1.000 1.000 1.000 1.000 1.000 1.000 1.000 1.000 1.000 1.000 1.000 1.000 1.000 1.000 1.000 1.000 1.000 1.000 1.000 1.000 1.000 1.000 1.000 1.000 1.000 1.000 1.000 1.000
HCP_A3
300.000 303.800 313.800 323.800 333.800 343.800 353.800 363.800 373.800 383.800 393.800 403.800 413.800 423.800 433.800 443.800 453.800 463.800 473.800 483.800 493.800 503.800 513.800 516.516 516.516 523.800 527.113 527.800 529.800 531.800 533.800 535.800 537.800 539.800 539.800 541.800 543.800 545.800 547.800 549.800 551.800 553.800 555.800 557.800 559.800 561.800 563.800 565.800 567.800 569.800 571.800 573.800 575.800 577.800 579.800 581.800 583.800 585.800 587.800 589.800 591.800 593.800 595.800 597.800 599.800 601.800 603.800 605.800 607.800 609.800 611.800 613.800 615.800 617.800 619.800 621.800 623.800 625.800 627.800 629.800 631.800 633.800 635.800 637.800 639.800 641.800 643.800 645.800 647.800 649.800 651.800 653.800 655.800 657.800 659.800 661.800 663.800 665.800 667.800 669.800 671.800 673.800 675.800 677.800 679.800 681.800 683.800 685.800 687.800 689.800 691.800 693.800 695.800 697.800 699.800 701.800 703.800 705.800 707.800 709.800 711.800 713.800 715.800 717.800 719.800 729.800 739.800 749.800 759.800 769.800 779.800 789.800 791.506
0.416 0.416 0.416 0.416 0.416 0.416 0.416 0.416 0.415 0.415 0.415 0.415 0.414 0.414 0.414 0.413 0.413 0.412 0.412 0.411 0.411 0.410 0.409 0.409 0.409 0.357 0.348 0.348 0.348 0.348 0.348 0.348 0.347 0.347 0.347 0.347 0.347 0.347 0.347 0.347 0.346 0.346 0.346 0.346 0.346 0.346 0.345 0.345 0.345 0.345 0.345 0.345 0.344 0.344 0.344 0.344 0.344 0.343 0.343 0.343 0.343 0.342 0.342 0.342 0.342 0.341 0.341 0.341 0.341 0.340 0.340 0.340 0.339 0.339 0.339 0.338 0.338 0.338 0.337 0.337 0.336 0.336 0.336 0.335 0.335 0.334 0.334 0.333 0.333 0.332 0.332 0.331 0.330 0.330 0.329 0.328 0.328 0.327 0.326 0.325 0.324 0.323 0.323 0.321 0.320 0.319 0.318 0.317 0.315 0.314 0.312 0.310 0.309 0.307 0.304 0.302 0.300 0.297 0.294 0.291 0.288 0.285 0.281 0.277 0.274 0.253 0.228 0.200 0.165 0.124 0.074 0.012 0.000
BCC_B2#2
516.516 523.800 527.113 527.800 529.800 531.800 533.800 535.800 537.800 539.800 539.800 541.800 543.800 545.800 547.800 549.800 551.800 553.800 555.800 557.800 559.800 561.800 563.800 565.800 567.800 569.800 571.800 573.800 575.800 577.800 579.800 581.800 583.800 585.800 587.800 589.800 591.800 593.800 595.800 597.800 599.800 601.800 603.800 605.800 607.800 609.800 611.800 613.800 615.800 617.800 619.800 621.800 623.800 625.800 627.800 629.800 631.800 633.800 635.800 637.800 639.800 641.800 643.800 645.800 647.800 649.800 651.800 653.800 655.800 657.800 659.800 661.800 663.800 665.800 667.800 669.800 671.800 673.800 675.800 677.800 679.800 681.800 683.800 685.800 687.800 689.800 691.800 693.800 695.800 697.800 699.800 701.800 703.800 705.800 707.800 709.800 711.800 713.800 715.800 717.800 719.800 729.800 739.800 749.800 759.800 769.800 779.800 789.800 791.506 799.800 809.800 819.800 827.357
0.000 0.388 0.457 0.457 0.457 0.457 0.457 0.457 0.458 0.458 0.458 0.458 0.458 0.458 0.458 0.458 0.459 0.459 0.459 0.459 0.459 0.459 0.460 0.460 0.460 0.460 0.460 0.461 0.461 0.461 0.461 0.461 0.461 0.462 0.462 0.462 0.462 0.462 0.463 0.463 0.463 0.463 0.464 0.464 0.464 0.464 0.464 0.465 0.465 0.465 0.465 0.465 0.466 0.466 0.466 0.466 0.467 0.467 0.467 0.467 0.467 0.467 0.468 0.468 0.468 0.468 0.468 0.468 0.468 0.468 0.469 0.469 0.469 0.468 0.468 0.468 0.468 0.468 0.467 0.467 0.467 0.466 0.465 0.465 0.464 0.463 0.461 0.460 0.458 0.456 0.454 0.452 0.449 0.447 0.444 0.441 0.437 0.434 0.430 0.426 0.422 0.401 0.376 0.348 0.314 0.275 0.227 0.172 0.162 0.131 0.089 0.040 0.000
