22 23 41 24
0.472 0.250 0.139 0.139
C15_LAVES
300.000 307.200 317.200 327.200 337.200 347.200 357.200 367.200 377.200 387.200 392.790
0.046 0.042 0.036 0.031 0.026 0.021 0.016 0.012 0.007 0.002 0.000
BCC_B2#2
300.000 307.200 317.200 327.200 337.200 347.200 357.200 367.200 377.200 387.200 392.790 397.200 407.200 417.200 427.200 437.200 447.200 457.200 467.200 477.200 487.200 497.200 507.200 517.200 527.200 537.200 547.200 557.200 567.200 570.374 570.374 571.200 573.200 575.200 577.200 579.200 581.200 583.200 585.200 587.200 589.200 591.200 593.200 595.200 597.200 599.200 601.200 603.200 605.200 607.200 609.200 611.200 613.200 615.200 617.200 619.200 621.200 623.200 625.200 627.200 629.200 631.200 633.200 635.200 637.200 639.200 641.200 643.200 645.200 647.200 649.200 651.200 653.200 655.200 657.200 659.200 661.200 663.200 665.200 667.200 669.200 671.200 673.200 675.200 677.200 679.200 681.200 683.200 685.200 687.200 689.200 691.200 693.200 695.200 697.200 699.200 701.200 703.200 705.200 707.200 709.200 711.200 713.200 715.200 717.200 719.200 721.200 723.200 725.200 727.200 729.200 731.200 733.200 735.200 737.200 739.200 746.164 749.200 759.200 769.200 769.600 770.000 772.000 774.000 776.000 778.000 780.000 782.000 784.000 786.000 786.440 786.440 790.000 800.000 810.000 820.000 830.000 840.000 850.000 860.000 870.000 876.258 876.258 880.000 890.000 900.000 910.000 920.000 930.000 940.000 950.000 960.000 970.000 980.000 990.000 1000.000 1010.000 1020.000 1030.000 1040.000 1050.000 1060.000 1070.000 1080.000 1090.000 1100.000 1110.000 1120.000 1130.000 1140.000 1150.000 1160.000 1170.000 1180.000 1190.000 1200.000 1210.000 1220.000 1230.000 1240.000 1250.000 1260.000 1270.000 1280.000 1290.000 1300.000 1310.000 1320.000 1330.000 1340.000 1350.000 1360.000 1370.000 1380.000 1390.000 1400.000
0.213 0.215 0.218 0.221 0.223 0.226 0.229 0.231 0.234 0.236 0.237 0.238 0.238 0.238 0.239 0.239 0.240 0.240 0.241 0.241 0.242 0.243 0.243 0.244 0.245 0.246 0.247 0.247 0.249 0.249 0.249 0.249 0.249 0.249 0.249 0.249 0.249 0.249 0.249 0.249 0.249 0.249 0.249 0.249 0.249 0.249 0.249 0.250 0.250 0.250 0.250 0.250 0.250 0.250 0.250 0.250 0.251 0.251 0.251 0.251 0.251 0.251 0.252 0.252 0.252 0.252 0.252 0.253 0.253 0.253 0.254 0.254 0.254 0.255 0.255 0.255 0.256 0.256 0.257 0.257 0.258 0.259 0.259 0.260 0.261 0.261 0.262 0.263 0.264 0.265 0.267 0.268 0.269 0.271 0.273 0.275 0.277 0.279 0.282 0.285 0.288 0.292 0.297 0.302 0.308 0.315 0.324 0.334 0.345 0.357 0.371 0.386 0.401 0.417 0.433 0.450 0.509 0.527 0.595 0.671 0.674 0.942 0.694 0.712 0.729 0.748 0.767 0.786 0.807 0.827 0.832 0.832 0.836 0.848 0.861 0.875 0.891 0.909 0.930 0.953 0.981 1.000 1.000 1.000 1.000 1.000 1.000 1.000 1.000 1.000 1.000 1.000 1.000 1.000 1.000 1.000 1.000 1.000 1.000 1.000 1.000 1.000 1.000 1.000 1.000 1.000 1.000 1.000 1.000 1.000 1.000 1.000 1.000 1.000 1.000 1.000 1.000 1.000 1.000 1.000 1.000 1.000 1.000 1.000 1.000 1.000 1.000 1.000 1.000 1.000 1.000 1.000 1.000 1.000 1.000 1.000
BCC_B2
300.000 307.200 317.200 327.200 337.200 347.200 357.200 367.200 377.200 387.200 392.790 397.200 407.200 417.200 427.200 437.200 447.200 457.200 467.200 477.200 487.200 497.200 507.200 517.200 527.200 537.200 547.200 557.200 567.200 570.374 570.374 571.200 573.200 575.200 577.200 579.200 581.200 583.200 585.200 587.200 589.200 591.200 593.200 595.200 597.200 599.200 601.200 603.200 605.200 607.200 609.200 611.200 613.200 615.200 617.200 619.200 621.200 623.200 625.200 627.200 629.200 631.200 633.200 635.200 637.200 639.200 641.200 643.200 645.200 647.200 649.200 651.200 653.200 655.200 657.200 659.200 661.200 663.200 665.200 667.200 669.200 671.200 673.200 675.200 677.200 679.200 681.200 683.200 685.200 687.200 689.200 691.200 693.200 695.200 697.200 699.200 701.200 703.200 705.200 707.200 709.200 711.200 713.200 715.200 717.200 719.200 721.200 723.200 725.200 727.200 729.200 731.200 733.200 735.200 737.200 739.200 746.164 749.200 759.200 769.200 769.600 770.000 772.000 774.000 776.000 778.000 780.000 782.000 784.000 786.000 786.440 786.440 790.000 800.000 810.000 820.000 830.000 840.000 850.000 860.000 870.000 876.258
0.334 0.336 0.339 0.341 0.344 0.346 0.348 0.351 0.353 0.355 0.356 0.356 0.356 0.356 0.355 0.355 0.355 0.355 0.355 0.355 0.354 0.354 0.354 0.354 0.354 0.354 0.354 0.354 0.354 0.354 0.354 0.350 0.340 0.330 0.321 0.313 0.304 0.296 0.289 0.281 0.274 0.267 0.261 0.254 0.248 0.242 0.236 0.230 0.225 0.219 0.214 0.209 0.204 0.199 0.194 0.190 0.185 0.180 0.176 0.172 0.167 0.163 0.159 0.155 0.151 0.147 0.143 0.139 0.135 0.131 0.127 0.123 0.120 0.116 0.112 0.109 0.105 0.102 0.098 0.095 0.092 0.088 0.085 0.082 0.079 0.076 0.073 0.070 0.067 0.064 0.062 0.059 0.057 0.055 0.054 0.052 0.051 0.050 0.050 0.050 0.051 0.053 0.056 0.059 0.065 0.072 0.080 0.091 0.103 0.117 0.133 0.148 0.165 0.181 0.196 0.212 0.265 0.259 0.238 0.214 0.213 0.058 0.207 0.202 0.197 0.192 0.186 0.181 0.175 0.169 0.168 0.168 0.164 0.152 0.139 0.125 0.109 0.091 0.070 0.047 0.019 0.000
HCP_A3
300.000 307.200 317.200 327.200 337.200 347.200 357.200 367.200 377.200 387.200 392.790 397.200 407.200 417.200 427.200 437.200 447.200 457.200 467.200 477.200 487.200 497.200 507.200 517.200 527.200 537.200 547.200 557.200 567.200 570.374 570.374 571.200 573.200 575.200 577.200 579.200 581.200 583.200 585.200 587.200 589.200 591.200 593.200 595.200 597.200 599.200 601.200 603.200 605.200 607.200 609.200 611.200 613.200 615.200 617.200 619.200 621.200 623.200 625.200 627.200 629.200 631.200 633.200 635.200 637.200 639.200 641.200 643.200 645.200 647.200 649.200 651.200 653.200 655.200 657.200 659.200 661.200 663.200 665.200 667.200 669.200 671.200 673.200 675.200 677.200 679.200 681.200 683.200 685.200 687.200 689.200 691.200 693.200 695.200 697.200 699.200 701.200 703.200 705.200 707.200 709.200 711.200 713.200 715.200 717.200 719.200 721.200 723.200 725.200 727.200 729.200 731.200 733.200 735.200 737.200 739.200 746.164 749.200 759.200 769.200 769.600 770.000 772.000 774.000 776.000 778.000 780.000 782.000 784.000 786.000 786.440 786.440
0.407 0.407 0.407 0.407 0.407 0.407 0.407 0.407 0.407 0.406 0.406 0.406 0.406 0.406 0.406 0.405 0.405 0.405 0.404 0.404 0.404 0.403 0.402 0.402 0.401 0.400 0.399 0.398 0.397 0.397 0.397 0.396 0.394 0.393 0.391 0.390 0.388 0.387 0.386 0.384 0.383 0.382 0.381 0.379 0.378 0.377 0.376 0.375 0.374 0.373 0.372 0.371 0.370 0.369 0.369 0.368 0.367 0.366 0.365 0.364 0.363 0.362 0.362 0.361 0.360 0.359 0.358 0.357 0.357 0.356 0.355 0.354 0.353 0.352 0.351 0.351 0.350 0.349 0.348 0.347 0.346 0.345 0.344 0.343 0.342 0.341 0.340 0.339 0.338 0.337 0.336 0.335 0.334 0.332 0.331 0.330 0.328 0.327 0.325 0.323 0.322 0.320 0.317 0.315 0.312 0.309 0.306 0.302 0.297 0.292 0.287 0.281 0.274 0.268 0.261 0.253 0.226 0.214 0.168 0.115 0.112 0.000 0.098 0.086 0.073 0.060 0.047 0.033 0.018 0.003 0.000 0.000
BCC_B2#3
570.374 571.200 573.200 575.200 577.200 579.200 581.200 583.200 585.200 587.200 589.200 591.200 593.200 595.200 597.200 599.200 601.200 603.200 605.200 607.200 609.200 611.200 613.200 615.200 617.200 619.200 621.200 623.200 625.200 627.200 629.200 631.200 633.200 635.200 637.200 639.200 641.200 643.200 645.200 647.200 649.200 651.200 653.200 655.200 657.200 659.200 661.200 663.200 665.200 667.200 669.200 671.200 673.200 675.200 677.200 679.200 681.200 683.200 685.200 687.200 689.200 691.200 693.200 695.200 697.200 699.200 701.200 703.200 705.200 707.200 709.200 711.200 713.200 715.200 717.200 719.200 721.200 723.200 725.200 727.200 729.200 731.200 733.200 735.200 737.200 739.200 746.164
0.000 0.005 0.017 0.028 0.039 0.049 0.059 0.068 0.077 0.085 0.094 0.102 0.110 0.117 0.124 0.131 0.138 0.145 0.151 0.158 0.164 0.170 0.176 0.181 0.187 0.192 0.198 0.203 0.208 0.213 0.218 0.223 0.228 0.233 0.238 0.242 0.247 0.251 0.256 0.260 0.264 0.269 0.273 0.277 0.281 0.285 0.289 0.293 0.297 0.301 0.304 0.308 0.312 0.315 0.318 0.322 0.325 0.328 0.330 0.333 0.336 0.338 0.340 0.341 0.343 0.344 0.344 0.344 0.343 0.342 0.339 0.335 0.330 0.324 0.315 0.304 0.290 0.274 0.255 0.233 0.209 0.185 0.160 0.135 0.110 0.085 0.000
