22 23 41 24
0.472 0.292 0.097 0.139
BCC_B2#3
300.000 305.400 315.400 317.394 325.400 335.400 345.400 355.400 365.400 375.400 385.400 395.400 405.400 415.400 425.400 435.400 445.400 455.400 465.400 475.400 485.400 495.400 505.400 515.400 525.400 526.276 526.276 535.400 545.400 555.400 565.400 569.162 nan 841.500 841.581
0.404 0.406 0.409 0.410 0.410 0.410 0.410 0.410 0.410 0.409 0.409 0.409 0.409 0.409 0.409 0.410 0.410 0.410 0.410 0.410 0.411 0.411 0.411 0.412 0.413 0.413 0.413 0.227 0.124 0.060 0.014 0.000 nan 0.000 0.000
C15_LAVES
300.000 305.400 315.400 317.394
0.011 0.008 0.001 0.000
BCC_B2
300.000 305.400 315.400 317.394 325.400 335.400 345.400 355.400 365.400 375.400 385.400 395.400 405.400 415.400 425.400 435.400 445.400 455.400 465.400 475.400 485.400 495.400 505.400 515.400 525.400 526.276 526.276 535.400 545.400 555.400 565.400 569.162 569.400 571.400 573.400 575.400 577.400 579.400 581.400 583.400 585.400 587.400 587.400 589.400 591.400 593.400 595.400 597.400 599.400 601.400 603.400 605.400 607.400 609.400 611.400 613.400 615.400 617.400 619.400 621.400 623.400 625.400 627.400 629.400 631.400 633.400 635.400 637.400 639.400 641.400 643.400 645.400 647.400 649.400 651.400 653.400 655.400 657.400 659.400 661.400 663.400 665.400 667.400 669.400 671.400 673.400 675.400 677.400 679.400 681.400 683.400 685.400 687.400 689.400 691.400 693.400 695.400 697.400 699.400 701.400 703.400 705.400 707.400 709.400 711.400 713.400 715.400 717.400 719.400 721.400 723.400 725.400 727.400 737.400 747.400 757.400 767.400 777.400 787.400 797.400 799.585 801.400 803.400 805.400 807.400 809.400 811.400 813.400 815.400 817.400 819.400 821.400 823.400 825.400 827.400 829.400 831.400 833.400 835.400 837.400 839.400 841.400 841.500 841.500 841.581 844.226 844.226 850.000 860.000 870.000 880.000 890.000 900.000 910.000 920.000 930.000 940.000 950.000 960.000 970.000 980.000 990.000 1000.000 1010.000 1020.000 1030.000 1040.000 1050.000 1060.000 1070.000 1080.000 1090.000 1100.000 1110.000 1120.000 1130.000 1140.000 1150.000 1160.000 1170.000 1180.000 1190.000 1200.000 1210.000 1220.000 1230.000 1240.000 1250.000 1260.000 1270.000 1280.000 1290.000 1300.000 1310.000 1320.000 1330.000 1340.000 1350.000 1360.000 1370.000 1380.000 1390.000 1400.000
0.164 0.166 0.169 0.169 0.170 0.170 0.170 0.170 0.170 0.171 0.171 0.171 0.171 0.171 0.172 0.172 0.172 0.172 0.173 0.173 0.173 0.173 0.174 0.174 0.174 0.174 0.174 0.172 0.171 0.170 0.169 0.169 0.169 0.169 0.169 0.169 0.169 0.168 0.168 0.168 0.168 0.168 0.168 0.168 0.168 0.168 0.168 0.168 0.168 0.168 0.168 0.168 0.168 0.168 0.168 0.168 0.168 0.168 0.168 0.168 0.168 0.168 0.168 0.168 0.168 0.168 0.168 0.168 0.168 0.168 0.168 0.168 0.168 0.168 0.168 0.169 0.169 0.169 0.169 0.169 0.170 0.170 0.170 0.171 0.171 0.172 0.172 0.173 0.174 0.175 0.176 0.177 0.178 0.179 0.181 0.182 0.184 0.187 0.189 0.192 0.195 0.199 0.203 0.207 0.212 0.217 0.223 0.229 0.235 0.242 0.249 0.256 0.264 0.304 0.350 0.404 0.469 0.548 0.646 0.766 0.796 0.802 0.809 0.816 0.824 0.832 0.840 0.848 0.856 0.865 0.874 0.883 0.892 0.902 0.911 0.921 0.932 0.942 0.953 0.963 0.974 0.985 0.986 0.986 0.986 1.000 1.000 1.000 1.000 1.000 1.000 1.000 1.000 1.000 1.000 1.000 1.000 1.000 1.000 1.000 1.000 1.000 1.000 1.000 1.000 1.000 1.000 1.000 1.000 1.000 1.000 1.000 1.000 1.000 1.000 1.000 1.000 1.000 1.000 1.000 1.000 1.000 1.000 1.000 1.000 1.000 1.000 1.000 1.000 1.000 1.000 1.000 1.000 1.000 1.000 1.000 1.000 1.000 1.000 1.000 1.000 1.000 1.000
HCP_A3
300.000 305.400 315.400 317.394 325.400 335.400 345.400 355.400 365.400 375.400 385.400 395.400 405.400 415.400 425.400 435.400 445.400 455.400 465.400 475.400 485.400 495.400 505.400 515.400 525.400 526.276 526.276 535.400 545.400 555.400 565.400 569.162 569.400 571.400 573.400 575.400 577.400 579.400 581.400 583.400 585.400 587.400 587.400 589.400 591.400 593.400 595.400 597.400 599.400 601.400 603.400 605.400 607.400 609.400 611.400 613.400 615.400 617.400 619.400 621.400 623.400 625.400 627.400 629.400 631.400 633.400 635.400 637.400 639.400 641.400 643.400 645.400 647.400 649.400 651.400 653.400 655.400 657.400 659.400 661.400 663.400 665.400 667.400 669.400 671.400 673.400 675.400 677.400 679.400 681.400 683.400 685.400 687.400 689.400 691.400 693.400 695.400 697.400 699.400 701.400 703.400 705.400 707.400 709.400 711.400 713.400 715.400 717.400 719.400 721.400 723.400 725.400 727.400 737.400 747.400 757.400 767.400 777.400 787.400 797.400 799.585
0.421 0.421 0.421 0.420 0.420 0.420 0.420 0.420 0.420 0.420 0.420 0.420 0.419 0.419 0.419 0.418 0.418 0.418 0.417 0.417 0.416 0.416 0.415 0.414 0.413 0.413 0.413 0.384 0.368 0.358 0.351 0.349 0.349 0.349 0.348 0.348 0.348 0.348 0.348 0.348 0.348 0.347 0.347 0.347 0.347 0.347 0.347 0.347 0.346 0.346 0.346 0.346 0.346 0.345 0.345 0.345 0.345 0.344 0.344 0.344 0.344 0.343 0.343 0.343 0.342 0.342 0.342 0.341 0.341 0.341 0.340 0.340 0.340 0.339 0.339 0.338 0.338 0.337 0.337 0.336 0.336 0.335 0.334 0.334 0.333 0.332 0.332 0.331 0.330 0.329 0.328 0.327 0.326 0.325 0.324 0.323 0.322 0.320 0.319 0.317 0.315 0.313 0.311 0.309 0.306 0.303 0.300 0.297 0.294 0.291 0.287 0.283 0.279 0.259 0.234 0.206 0.172 0.131 0.080 0.016 0.000
BCC_B2#2
526.276 535.400 545.400 555.400 565.400 569.162 569.400 571.400 573.400 575.400 577.400 579.400 581.400 583.400 585.400 587.400 587.400 589.400 591.400 593.400 595.400 597.400 599.400 601.400 603.400 605.400 607.400 609.400 611.400 613.400 615.400 617.400 619.400 621.400 623.400 625.400 627.400 629.400 631.400 633.400 635.400 637.400 639.400 641.400 643.400 645.400 647.400 649.400 651.400 653.400 655.400 657.400 659.400 661.400 663.400 665.400 667.400 669.400 671.400 673.400 675.400 677.400 679.400 681.400 683.400 685.400 687.400 689.400 691.400 693.400 695.400 697.400 699.400 701.400 703.400 705.400 707.400 709.400 711.400 713.400 715.400 717.400 719.400 721.400 723.400 725.400 727.400 737.400 747.400 757.400 767.400 777.400 787.400 797.400 799.585 801.400 803.400 805.400 807.400 809.400 811.400 813.400 815.400 817.400 819.400 821.400 823.400 825.400 827.400 829.400 831.400 833.400 835.400 837.400 839.400 841.400 841.500 841.500 841.581 844.226 844.226
0.000 0.216 0.337 0.412 0.466 0.483 0.483 0.483 0.483 0.483 0.483 0.483 0.484 0.484 0.484 0.484 0.484 0.485 0.485 0.485 0.485 0.485 0.486 0.486 0.486 0.486 0.487 0.487 0.487 0.487 0.488 0.488 0.488 0.489 0.489 0.489 0.489 0.490 0.490 0.490 0.491 0.491 0.491 0.491 0.492 0.492 0.492 0.493 0.493 0.493 0.494 0.494 0.494 0.494 0.495 0.495 0.495 0.495 0.496 0.496 0.496 0.496 0.496 0.496 0.496 0.496 0.496 0.495 0.495 0.495 0.494 0.493 0.492 0.491 0.490 0.488 0.487 0.484 0.482 0.480 0.477 0.474 0.471 0.467 0.464 0.461 0.457 0.438 0.416 0.390 0.358 0.320 0.274 0.218 0.204 0.198 0.191 0.184 0.176 0.168 0.160 0.152 0.144 0.135 0.126 0.117 0.108 0.098 0.089 0.079 0.068 0.058 0.047 0.037 0.026 0.015 0.014 0.014 0.014 0.000 0.000
