22 23 41 24
0.472 0.264 0.111 0.153
C15_LAVES
300.000 305.200 315.200 325.200 335.200 345.200 355.200 365.200 375.200 385.200 395.200 405.200 413.436
0.060 0.057 0.051 0.045 0.040 0.034 0.029 0.024 0.018 0.013 0.009 0.004 0.000
BCC_B2#2
300.000 305.200 315.200 325.200 335.200 345.200 355.200 365.200 375.200 385.200 395.200 405.200 413.436 415.200 425.200 435.200 445.200 455.200 465.200 475.200 485.200 495.200 505.200 515.200 525.200 535.200 545.200 555.200 565.200 575.200 578.025 578.025 579.200 581.200 583.200 585.200 587.200 589.200 591.200 593.200 595.200 597.200 599.200 601.200 603.200 605.200 607.200 609.200 611.200 613.200 615.200 617.200 619.200 621.200 623.200 625.200 627.200 629.200 631.200 633.200 635.200 637.200 639.200 641.200 643.200 645.200 647.200 649.200 651.200 653.200 655.200 657.200 659.200 661.200 663.200 665.200 667.200 669.200 671.200 673.200 675.200 677.200 679.200 681.200 683.200 685.200 687.200 689.200 691.200 693.200 695.200 697.200 699.200 701.200 703.200 705.200 707.200 709.200 711.200 713.200 715.200 717.200 719.200 721.200 723.200 725.200 727.200 729.200 731.200 733.200 735.200 737.200 739.200 741.200 743.200 753.200 763.200 771.064 773.200 783.200 783.600 784.000 786.000 788.000 790.000 792.000 794.000 796.000 796.798 796.798 800.000 810.000 820.000 830.000 840.000 850.000 860.000 870.000 880.000 881.728 881.728 890.000 900.000 910.000 920.000 930.000 940.000 950.000 960.000 970.000 980.000 990.000 1000.000 1010.000 1020.000 1030.000 1040.000 1050.000 1060.000 1070.000 1080.000 1090.000 1100.000 1110.000 1120.000 1130.000 1140.000 1150.000 1160.000 1170.000 1180.000 1190.000 1200.000 1210.000 1220.000 1230.000 1240.000 1250.000 1260.000 1270.000 1280.000 1290.000 1300.000 1310.000 1320.000 1330.000 1340.000 1350.000 1360.000 1370.000 1380.000 1390.000 1400.000
0.163 0.165 0.168 0.170 0.173 0.176 0.179 0.182 0.184 0.187 0.189 0.192 0.194 0.194 0.194 0.195 0.195 0.195 0.196 0.196 0.196 0.197 0.197 0.197 0.198 0.198 0.199 0.199 0.200 0.201 0.201 0.201 0.201 0.201 0.201 0.200 0.200 0.200 0.200 0.200 0.200 0.200 0.200 0.200 0.200 0.200 0.200 0.200 0.200 0.200 0.200 0.200 0.200 0.200 0.200 0.200 0.200 0.200 0.200 0.200 0.200 0.200 0.200 0.200 0.200 0.200 0.201 0.201 0.201 0.201 0.201 0.201 0.201 0.202 0.202 0.202 0.202 0.203 0.203 0.203 0.204 0.204 0.205 0.205 0.206 0.206 0.207 0.208 0.208 0.209 0.210 0.211 0.213 0.214 0.216 0.218 0.220 0.222 0.225 0.228 0.232 0.236 0.242 0.248 0.255 0.263 0.273 0.283 0.294 0.305 0.317 0.328 0.341 0.353 0.365 0.431 0.505 0.572 0.587 0.666 0.670 0.852 0.691 0.710 0.729 0.748 0.769 0.790 0.799 0.799 0.803 0.817 0.833 0.850 0.870 0.893 0.920 0.953 0.992 1.000 1.000 1.000 1.000 1.000 1.000 1.000 1.000 1.000 1.000 1.000 1.000 1.000 1.000 1.000 1.000 1.000 1.000 1.000 1.000 1.000 1.000 1.000 1.000 1.000 1.000 1.000 1.000 1.000 1.000 1.000 1.000 1.000 1.000 1.000 1.000 1.000 1.000 1.000 1.000 1.000 1.000 1.000 1.000 1.000 1.000 1.000 1.000 1.000 1.000 1.000 1.000 1.000 1.000
BCC_B2
300.000 305.200 315.200 325.200 335.200 345.200 355.200 365.200 375.200 385.200 395.200 405.200 413.436 415.200 425.200 435.200 445.200 455.200 465.200 475.200 485.200 495.200 505.200 515.200 525.200 535.200 545.200 555.200 565.200 575.200 578.025 578.025 579.200 581.200 583.200 585.200 587.200 589.200 591.200 593.200 595.200 597.200 599.200 601.200 603.200 605.200 607.200 609.200 611.200 613.200 615.200 617.200 619.200 621.200 623.200 625.200 627.200 629.200 631.200 633.200 635.200 637.200 639.200 641.200 643.200 645.200 647.200 649.200 651.200 653.200 655.200 657.200 659.200 661.200 663.200 665.200 667.200 669.200 671.200 673.200 675.200 677.200 679.200 681.200 683.200 685.200 687.200 689.200 691.200 693.200 695.200 697.200 699.200 701.200 703.200 705.200 707.200 709.200 711.200 713.200 715.200 717.200 719.200 721.200 723.200 725.200 727.200 729.200 731.200 733.200 735.200 737.200 739.200 741.200 743.200 753.200 763.200 771.064 773.200 783.200 783.600 784.000 786.000 788.000 790.000 792.000 794.000 796.000 796.798 796.798 800.000 810.000 820.000 830.000 840.000 850.000 860.000 870.000 880.000 881.728
0.361 0.363 0.366 0.369 0.371 0.374 0.377 0.379 0.382 0.385 0.387 0.389 0.391 0.391 0.391 0.391 0.391 0.391 0.391 0.391 0.391 0.391 0.391 0.392 0.392 0.392 0.392 0.393 0.393 0.394 0.394 0.394 0.388 0.378 0.368 0.359 0.350 0.342 0.334 0.326 0.318 0.310 0.303 0.296 0.289 0.283 0.276 0.270 0.264 0.258 0.252 0.246 0.240 0.234 0.229 0.223 0.218 0.213 0.208 0.203 0.197 0.192 0.188 0.183 0.178 0.173 0.168 0.164 0.159 0.154 0.150 0.145 0.140 0.136 0.131 0.127 0.123 0.118 0.114 0.109 0.105 0.101 0.097 0.092 0.088 0.084 0.080 0.076 0.072 0.069 0.065 0.062 0.058 0.055 0.053 0.050 0.048 0.047 0.045 0.045 0.046 0.047 0.050 0.054 0.059 0.066 0.074 0.082 0.091 0.100 0.109 0.118 0.126 0.134 0.142 0.181 0.225 0.272 0.267 0.242 0.241 0.148 0.234 0.228 0.222 0.216 0.210 0.204 0.201 0.201 0.197 0.183 0.167 0.150 0.130 0.107 0.080 0.047 0.008 0.000
HCP_A3
300.000 305.200 315.200 325.200 335.200 345.200 355.200 365.200 375.200 385.200 395.200 405.200 413.436 415.200 425.200 435.200 445.200 455.200 465.200 475.200 485.200 495.200 505.200 515.200 525.200 535.200 545.200 555.200 565.200 575.200 578.025 578.025 579.200 581.200 583.200 585.200 587.200 589.200 591.200 593.200 595.200 597.200 599.200 601.200 603.200 605.200 607.200 609.200 611.200 613.200 615.200 617.200 619.200 621.200 623.200 625.200 627.200 629.200 631.200 633.200 635.200 637.200 639.200 641.200 643.200 645.200 647.200 649.200 651.200 653.200 655.200 657.200 659.200 661.200 663.200 665.200 667.200 669.200 671.200 673.200 675.200 677.200 679.200 681.200 683.200 685.200 687.200 689.200 691.200 693.200 695.200 697.200 699.200 701.200 703.200 705.200 707.200 709.200 711.200 713.200 715.200 717.200 719.200 721.200 723.200 725.200 727.200 729.200 731.200 733.200 735.200 737.200 739.200 741.200 743.200 753.200 763.200 771.064 773.200 783.200 783.600 784.000 786.000 788.000 790.000 792.000 794.000 796.000 796.798 796.798
0.416 0.416 0.416 0.416 0.416 0.416 0.416 0.415 0.415 0.415 0.415 0.415 0.415 0.415 0.415 0.414 0.414 0.414 0.413 0.413 0.413 0.412 0.412 0.411 0.410 0.410 0.409 0.408 0.407 0.406 0.405 0.405 0.404 0.403 0.401 0.400 0.398 0.397 0.395 0.394 0.393 0.391 0.390 0.389 0.388 0.386 0.385 0.384 0.383 0.382 0.381 0.380 0.379 0.378 0.377 0.376 0.375 0.374 0.373 0.372 0.371 0.370 0.369 0.369 0.368 0.367 0.366 0.365 0.364 0.363 0.362 0.361 0.360 0.359 0.358 0.358 0.357 0.356 0.355 0.354 0.353 0.352 0.351 0.350 0.349 0.348 0.346 0.345 0.344 0.343 0.342 0.341 0.339 0.338 0.337 0.335 0.333 0.332 0.330 0.328 0.326 0.324 0.321 0.318 0.315 0.311 0.307 0.303 0.298 0.293 0.287 0.282 0.276 0.270 0.264 0.230 0.192 0.157 0.146 0.092 0.090 0.000 0.075 0.062 0.049 0.035 0.021 0.006 0.000 0.000
BCC_B2#3
578.025 579.200 581.200 583.200 585.200 587.200 589.200 591.200 593.200 595.200 597.200 599.200 601.200 603.200 605.200 607.200 609.200 611.200 613.200 615.200 617.200 619.200 621.200 623.200 625.200 627.200 629.200 631.200 633.200 635.200 637.200 639.200 641.200 643.200 645.200 647.200 649.200 651.200 653.200 655.200 657.200 659.200 661.200 663.200 665.200 667.200 669.200 671.200 673.200 675.200 677.200 679.200 681.200 683.200 685.200 687.200 689.200 691.200 693.200 695.200 697.200 699.200 701.200 703.200 705.200 707.200 709.200 711.200 713.200 715.200 717.200 719.200 721.200 723.200 725.200 727.200 729.200 731.200 733.200 735.200 737.200 739.200 741.200 743.200 753.200 763.200 771.064
0.000 0.007 0.019 0.030 0.041 0.051 0.061 0.071 0.080 0.089 0.098 0.107 0.115 0.123 0.131 0.138 0.146 0.153 0.160 0.167 0.174 0.181 0.188 0.194 0.201 0.207 0.213 0.219 0.225 0.231 0.237 0.243 0.249 0.254 0.260 0.265 0.271 0.276 0.282 0.287 0.293 0.298 0.303 0.308 0.313 0.319 0.324 0.329 0.334 0.339 0.343 0.348 0.353 0.358 0.362 0.366 0.371 0.375 0.379 0.383 0.386 0.390 0.392 0.395 0.397 0.399 0.400 0.400 0.399 0.396 0.393 0.388 0.380 0.371 0.360 0.347 0.333 0.318 0.302 0.287 0.272 0.257 0.243 0.229 0.158 0.079 0.000
