22 23 41 24
0.472 0.278 0.097 0.153
C15_LAVES
300.000 307.200 317.200 327.200 337.200 347.200 357.200 367.200 377.200 383.026
0.049 0.044 0.038 0.032 0.026 0.020 0.014 0.009 0.003 0.000
BCC_B2#2
300.000 307.200 317.200 327.200 337.200 347.200 357.200 367.200 377.200 383.026 387.200 397.200 407.200 417.200 427.200 437.200 447.200 457.200 467.200 477.200 487.200 497.200 507.200 517.200 527.200 537.200 547.200 556.764 556.764 557.200 567.200 577.200 587.200 597.200 607.200 617.200 627.200 637.200 647.200 657.200 667.200 669.372 nan 715.600 716.000 718.000 720.000 722.000 724.000 726.000 728.000 730.000 732.000 734.000 736.000 738.000 740.000 750.000 760.000 770.000 780.000 790.000 793.350 793.350 800.000 801.988 805.770 810.000 820.000 830.000 840.000 850.000 850.000 860.000 870.000 871.100 871.100 880.000 890.000 900.000 910.000 920.000 930.000 940.000 950.000 960.000 970.000 980.000 990.000 1000.000 1010.000 1020.000 1030.000 1040.000 1050.000 1060.000 1070.000 1080.000 1090.000 1100.000 1110.000 1120.000 1130.000 1140.000 1150.000 1160.000 1170.000 1180.000 1190.000 1200.000 1210.000 1220.000 1230.000 1240.000 1250.000 1260.000 1270.000 1280.000 1290.000 1300.000 1310.000 1320.000 1330.000 1340.000 1350.000 1360.000 1370.000 1380.000 1390.000 1400.000
0.385 0.387 0.390 0.393 0.397 0.399 0.402 0.405 0.408 0.410 0.410 0.410 0.409 0.409 0.409 0.409 0.410 0.410 0.410 0.410 0.410 0.410 0.411 0.411 0.412 0.412 0.413 0.413 0.413 0.410 0.338 0.283 0.239 0.201 0.168 0.138 0.110 0.083 0.057 0.031 0.006 0.000 nan 0.000 0.000 0.204 0.210 0.215 0.222 0.229 0.236 0.244 0.252 0.261 0.269 0.278 0.287 0.336 0.391 0.455 0.533 0.628 0.665 0.665 0.757 0.788 0.806 0.813 0.832 0.854 0.880 0.910 0.910 0.947 0.994 1.000 1.000 1.000 1.000 1.000 1.000 1.000 1.000 1.000 1.000 1.000 1.000 1.000 1.000 1.000 1.000 1.000 1.000 1.000 1.000 1.000 1.000 1.000 1.000 1.000 1.000 1.000 1.000 1.000 1.000 1.000 1.000 1.000 1.000 1.000 1.000 1.000 1.000 1.000 1.000 1.000 1.000 1.000 1.000 1.000 1.000 1.000 1.000 1.000 1.000 1.000 1.000 1.000 1.000 1.000
BCC_B2
300.000 307.200 317.200 327.200 337.200 347.200 357.200 367.200 377.200 383.026 387.200 397.200 407.200 417.200 427.200 437.200 447.200 457.200 467.200 477.200 487.200 497.200 507.200 517.200 527.200 537.200 547.200 556.764 556.764 557.200 567.200 577.200 587.200 597.200 607.200 617.200 627.200 637.200 647.200 657.200 667.200 669.372 671.200 673.200 675.200 677.200 679.200 681.200 681.200 683.200 685.200 687.200 689.200 691.200 693.200 695.200 697.200 699.200 701.200 703.200 705.200 707.200 709.200 711.200 713.200 715.200 715.600 nan 793.350 800.000 801.988 805.770 810.000 820.000 830.000 840.000 850.000 850.000 860.000 870.000 871.100
0.146 0.148 0.151 0.154 0.157 0.160 0.163 0.166 0.169 0.171 0.171 0.171 0.171 0.171 0.172 0.172 0.172 0.172 0.172 0.173 0.173 0.173 0.173 0.174 0.174 0.174 0.175 0.175 0.175 0.175 0.174 0.173 0.173 0.172 0.171 0.171 0.170 0.170 0.169 0.169 0.169 0.170 0.170 0.170 0.170 0.171 0.171 0.172 0.172 0.172 0.173 0.173 0.174 0.175 0.176 0.177 0.178 0.179 0.180 0.182 0.184 0.186 0.188 0.191 0.194 0.198 0.199 nan 0.000 0.087 0.126 0.194 0.187 0.168 0.146 0.120 0.090 0.090 0.053 0.006 0.000
HCP_A3
300.000 307.200 317.200 327.200 337.200 347.200 357.200 367.200 377.200 383.026 387.200 397.200 407.200 417.200 427.200 437.200 447.200 457.200 467.200 477.200 487.200 497.200 507.200 517.200 527.200 537.200 547.200 556.764 556.764 557.200 567.200 577.200 587.200 597.200 607.200 617.200 627.200 637.200 647.200 657.200 667.200 669.372 671.200 673.200 675.200 677.200 679.200 681.200 681.200 683.200 685.200 687.200 689.200 691.200 693.200 695.200 697.200 699.200 701.200 703.200 705.200 707.200 709.200 711.200 713.200 715.200 715.600 nan 715.600 716.000 718.000 720.000 722.000 724.000 726.000 728.000 730.000 732.000 734.000 736.000 738.000 740.000 750.000 760.000 770.000 780.000 790.000 793.350 793.350 800.000 801.988
0.420 0.420 0.420 0.420 0.420 0.420 0.420 0.420 0.420 0.420 0.420 0.420 0.419 0.419 0.419 0.419 0.418 0.418 0.418 0.417 0.417 0.416 0.416 0.415 0.414 0.414 0.413 0.412 0.412 0.411 0.400 0.391 0.384 0.377 0.372 0.367 0.363 0.358 0.354 0.350 0.345 0.344 0.344 0.343 0.343 0.342 0.342 0.341 0.341 0.340 0.340 0.339 0.338 0.337 0.336 0.335 0.334 0.333 0.332 0.331 0.330 0.328 0.327 0.325 0.323 0.321 0.320 nan 0.400 0.431 0.317 0.314 0.311 0.308 0.304 0.300 0.296 0.292 0.287 0.283 0.278 0.273 0.246 0.216 0.180 0.136 0.083 0.062 0.062 0.016 0.000
BCC_B2#3
556.764 557.200 567.200 577.200 587.200 597.200 607.200 617.200 627.200 637.200 647.200 657.200 667.200 669.372 671.200 673.200 675.200 677.200 679.200 681.200 681.200 683.200 685.200 687.200 689.200 691.200 693.200 695.200 697.200 699.200 701.200 703.200 705.200 707.200 709.200 711.200 713.200 715.200 715.600 nan 715.600 716.000 718.000 720.000 722.000 724.000 726.000 728.000 730.000 732.000 734.000 736.000 738.000 740.000 750.000 760.000 770.000 780.000 790.000 793.350 793.350 800.000 801.988 805.770
0.000 0.004 0.089 0.153 0.205 0.250 0.289 0.324 0.357 0.389 0.419 0.450 0.480 0.486 0.486 0.487 0.487 0.487 0.487 0.487 0.487 0.488 0.488 0.488 0.488 0.488 0.488 0.488 0.488 0.488 0.487 0.487 0.487 0.486 0.485 0.484 0.483 0.481 0.481 nan 0.600 0.569 0.478 0.476 0.473 0.470 0.467 0.463 0.460 0.456 0.452 0.448 0.444 0.440 0.418 0.394 0.365 0.331 0.289 0.273 0.273 0.140 0.086 0.000
