22 23 41 24
0.486 0.361 0.028 0.125
BCC_B2#2
700.000 709.500 719.500 729.500 739.500 739.700 739.700 739.800 739.900 740.000 750.000 760.000 770.000 780.000 787.366 787.366 787.366 790.000 800.000 810.000 820.000 820.991
0.661 0.665 0.670 0.675 0.681 0.681 0.681 0.681 0.681 0.682 0.689 0.697 0.707 0.719 0.730 0.730 0.730 0.694 0.526 0.308 0.031 0.000
HCP_A3
700.000 709.500 719.500 729.500 739.500 739.700 739.700 739.800 739.900 740.000 750.000 760.000 770.000 780.000 787.366 787.366 787.366 790.000 800.000 810.000 820.000 820.991 830.000 833.575 833.575
0.339 0.335 0.330 0.325 0.319 0.319 0.319 0.319 0.319 0.318 0.311 0.303 0.293 0.281 0.270 0.270 0.270 0.262 0.227 0.178 0.112 0.104 0.034 0.000 0.000
BCC_B2
787.366 790.000 800.000 810.000 820.000 820.991 830.000 833.575 833.575 840.000 850.000 860.000 870.000 880.000 890.000 900.000 910.000 920.000 930.000 940.000 950.000 960.000 970.000 980.000 990.000 1000.000 1010.000 1020.000 1030.000 1040.000 1050.000 1060.000 1070.000 1080.000 1090.000 1100.000 1110.000 1120.000 1130.000 1140.000 1150.000 1160.000 1170.000 1180.000 1190.000 1200.000
0.000 0.044 0.247 0.514 0.857 0.896 0.966 1.000 1.000 1.000 1.000 1.000 1.000 1.000 1.000 1.000 1.000 1.000 1.000 1.000 1.000 1.000 1.000 1.000 1.000 1.000 1.000 1.000 1.000 1.000 1.000 1.000 1.000 1.000 1.000 1.000 1.000 1.000 1.000 1.000 1.000 1.000 1.000 1.000 1.000 1.000
