22 23 41 24
0.486 0.361 0.014 0.139
BCC_B2#2
700.000 704.000 714.000 724.000 734.000 744.000 754.000 764.000 774.000 784.000 794.000 804.000 814.000 818.459 818.459 824.000 834.000 836.632
0.653 0.654 0.657 0.661 0.665 0.670 0.675 0.681 0.688 0.697 0.707 0.720 0.738 0.749 0.749 0.558 0.132 0.000
HCP_A3
700.000 704.000 714.000 724.000 734.000 744.000 754.000 764.000 774.000 784.000 794.000 804.000 814.000 818.459 818.459 824.000 834.000 836.632 838.000 840.000 842.000 844.000 846.000 847.251 847.251
0.347 0.346 0.343 0.339 0.335 0.330 0.325 0.319 0.312 0.303 0.293 0.280 0.262 0.251 0.251 0.216 0.135 0.108 0.097 0.079 0.059 0.038 0.015 0.000 0.000
BCC_B2
818.459 824.000 834.000 836.632 838.000 840.000 842.000 844.000 846.000 847.251 847.251 850.000 860.000 870.000 880.000 890.000 900.000 910.000 920.000 930.000 940.000 950.000 960.000 970.000 980.000 990.000 1000.000 1010.000 1020.000 1030.000 1040.000 1050.000 1060.000 1070.000 1080.000 1090.000 1100.000 1110.000 1120.000 1130.000 1140.000 1150.000 1160.000 1170.000 1180.000 1190.000 1200.000
0.000 0.225 0.733 0.892 0.903 0.921 0.941 0.962 0.985 1.000 1.000 1.000 1.000 1.000 1.000 1.000 1.000 1.000 1.000 1.000 1.000 1.000 1.000 1.000 1.000 1.000 1.000 1.000 1.000 1.000 1.000 1.000 1.000 1.000 1.000 1.000 1.000 1.000 1.000 1.000 1.000 1.000 1.000 1.000 1.000 1.000 1.000
