22 23 41 24
0.486 0.375 0.014 0.125
BCC_B2#2
700.000 702.000 704.000 706.000 708.000 710.000 712.000 714.000 716.000 718.000 720.000 722.000 724.000 726.000 728.000 730.000 732.000 734.000 736.000 738.000 740.000 742.000 744.000 746.000 748.000 750.000 752.000 754.000 756.000 758.000 760.000 762.000 764.000 766.000 768.000 770.000 772.000 774.000 776.000 778.000 780.000 782.000 784.000 794.000 804.000 808.084 808.084 808.084 814.000 824.000 826.869
0.658 0.659 0.659 0.660 0.661 0.662 0.663 0.664 0.664 0.665 0.666 0.667 0.668 0.669 0.670 0.671 0.672 0.673 0.581 0.676 0.600 0.678 0.602 0.680 0.604 0.683 0.607 0.686 0.610 0.689 0.612 0.692 0.613 0.695 0.615 0.699 0.617 0.702 0.619 0.706 0.622 0.711 0.624 0.727 0.746 0.756 0.756 0.756 0.544 0.133 0.000
HCP_A3
700.000 702.000 704.000 706.000 708.000 710.000 712.000 714.000 716.000 718.000 720.000 722.000 724.000 726.000 728.000 730.000 732.000 734.000 736.000 738.000 740.000 742.000 744.000 746.000 748.000 750.000 752.000 754.000 756.000 758.000 760.000 762.000 764.000 766.000 768.000 770.000 772.000 774.000 776.000 778.000 780.000 782.000 784.000 794.000 804.000 808.084 808.084 808.084 814.000 824.000 826.869 828.000 830.000 832.000 834.000 836.000 838.000 840.000 841.244 841.244
0.342 0.341 0.341 0.340 0.339 0.338 0.337 0.336 0.336 0.335 0.334 0.333 0.332 0.331 0.330 0.329 0.328 0.327 0.419 0.324 0.400 0.322 0.398 0.320 0.396 0.317 0.393 0.314 0.390 0.311 0.388 0.308 0.387 0.305 0.385 0.301 0.383 0.298 0.381 0.294 0.378 0.289 0.376 0.273 0.254 0.244 0.244 0.244 0.213 0.144 0.120 0.112 0.098 0.083 0.067 0.050 0.032 0.013 0.000 0.000
BCC_B2
808.084 814.000 824.000 826.869 828.000 830.000 832.000 834.000 836.000 838.000 840.000 841.244 841.244 850.000 860.000 870.000 880.000 890.000 900.000 910.000 920.000 930.000 940.000 950.000 960.000 970.000 980.000 990.000 1000.000 1010.000 1020.000 1030.000 1040.000 1050.000 1060.000 1070.000 1080.000 1090.000 1100.000 1110.000 1120.000 1130.000 1140.000 1150.000 1160.000 1170.000 1180.000 1190.000 1200.000
0.000 0.243 0.723 0.880 0.888 0.902 0.917 0.933 0.950 0.968 0.987 1.000 1.000 1.000 1.000 1.000 1.000 1.000 1.000 1.000 1.000 1.000 1.000 1.000 1.000 1.000 1.000 1.000 1.000 1.000 1.000 1.000 1.000 1.000 1.000 1.000 1.000 1.000 1.000 1.000 1.000 1.000 1.000 1.000 1.000 1.000 1.000 1.000 1.000
