22 23 73 24
0.361 0.403 0.125 0.111
C15_LAVES
700.000 707.200 717.200 727.200 729.439 729.439 737.200 739.605 741.200 743.200 743.600 744.000 746.000 746.000 748.000 750.000 752.000 754.000 756.000 758.000 760.000 764.545 770.000 780.000 790.000 800.000 810.000 820.000 830.000 840.000 850.000 860.000 870.000 880.000 890.000 900.000 910.000 920.000 930.000 940.000 950.000 960.000 970.000 980.000 990.000 1000.000 1010.000 1020.000 1030.000 1040.000 1050.000 1060.000 1070.000 1073.893
0.545 0.544 0.541 0.536 0.534 0.534 0.521 0.516 0.512 0.507 0.506 0.835 0.499 0.499 0.492 0.484 0.476 0.467 0.457 0.447 0.437 0.413 0.409 0.401 0.392 0.384 0.375 0.366 0.357 0.347 0.337 0.326 0.315 0.304 0.293 0.281 0.268 0.255 0.242 0.228 0.214 0.200 0.185 0.169 0.153 0.137 0.120 0.103 0.085 0.066 0.047 0.028 0.008 0.000
BCC_B2#2
700.000 707.200 717.200 727.200 729.439 729.439 737.200 739.605
0.260 0.265 0.274 0.289 0.294 0.294 0.050 0.000
HCP_A3
700.000 707.200 717.200 727.200 729.439 729.439 737.200 739.605 741.200 743.200 743.600 744.000 746.000 746.000 748.000 750.000 752.000 754.000 756.000 758.000 760.000 764.545
0.196 0.192 0.185 0.175 0.172 0.172 0.148 0.139 0.133 0.126 0.124 0.165 0.114 0.114 0.105 0.094 0.083 0.071 0.058 0.045 0.032 0.000
BCC_B2
729.439 737.200 739.605 741.200 743.200 743.600 744.000 746.000 746.000 748.000 750.000 752.000 754.000 756.000 758.000 760.000 764.545 770.000 780.000 790.000 800.000 810.000 820.000 830.000 840.000 850.000 860.000 870.000 880.000 890.000 900.000 910.000 920.000 930.000 940.000 950.000 960.000 970.000 980.000 990.000 1000.000 1010.000 1020.000 1030.000 1040.000 1050.000 1060.000 1070.000 1073.893 1073.893 1080.000 1090.000 1100.000 1110.000 1120.000 1130.000 1140.000 1150.000 1160.000 1170.000 1180.000 1190.000 1200.000
0.000 0.282 0.346 0.354 0.367 0.370 0.000 0.387 0.387 0.404 0.422 0.442 0.463 0.485 0.508 0.532 0.587 0.591 0.599 0.608 0.616 0.625 0.634 0.643 0.653 0.663 0.674 0.685 0.696 0.707 0.719 0.732 0.745 0.758 0.772 0.786 0.800 0.815 0.831 0.847 0.863 0.880 0.897 0.915 0.934 0.953 0.972 0.992 1.000 1.000 1.000 1.000 1.000 1.000 1.000 1.000 1.000 1.000 1.000 1.000 1.000 1.000 1.000
