22 23 73 24
0.375 0.417 0.097 0.111
C15_LAVES
700.000 708.000 718.000 728.000 736.368 736.368 738.000 748.000 758.000 761.925 762.000 764.000 766.000 768.000 768.168 768.168 770.000 780.000 790.000 800.000 810.000 820.000 830.000 840.000 850.000 860.000 870.000 880.000 890.000 900.000 910.000 920.000 930.000 940.000 950.000 960.000 970.000 980.000 990.000 1000.000 1010.000 1018.112
0.439 0.437 0.433 0.428 0.421 0.421 0.418 0.394 0.361 0.346 0.346 0.337 0.327 0.318 0.317 0.317 0.316 0.308 0.299 0.290 0.281 0.272 0.262 0.252 0.242 0.231 0.219 0.208 0.196 0.183 0.170 0.157 0.143 0.129 0.114 0.099 0.083 0.067 0.050 0.033 0.015 0.000
BCC_B2#2
700.000 708.000 718.000 728.000 736.368 736.368 738.000 748.000 758.000 761.925
0.356 0.363 0.374 0.389 0.408 0.408 0.356 0.137 0.027 0.000
HCP_A3
700.000 708.000 718.000 728.000 736.368 736.368 738.000 748.000 758.000 761.925 762.000 764.000 766.000 768.000 768.168 768.168
0.205 0.200 0.193 0.183 0.170 0.170 0.165 0.124 0.070 0.044 0.044 0.030 0.016 0.001 0.000 0.000
BCC_B2
736.368 738.000 748.000 758.000 761.925 762.000 764.000 766.000 768.000 768.168 768.168 770.000 780.000 790.000 800.000 810.000 820.000 830.000 840.000 850.000 860.000 870.000 880.000 890.000 900.000 910.000 920.000 930.000 940.000 950.000 960.000 970.000 980.000 990.000 1000.000 1010.000 1018.112 1018.112 1020.000 1030.000 1040.000 1050.000 1060.000 1070.000 1080.000 1090.000 1100.000 1110.000 1120.000 1130.000 1140.000 1150.000 1160.000 1170.000 1180.000 1190.000 1200.000
0.000 0.061 0.344 0.542 0.610 0.610 0.633 0.657 0.681 0.683 0.683 0.684 0.692 0.701 0.710 0.719 0.728 0.738 0.748 0.758 0.769 0.781 0.792 0.804 0.817 0.830 0.843 0.857 0.871 0.886 0.901 0.917 0.933 0.950 0.967 0.985 1.000 1.000 1.000 1.000 1.000 1.000 1.000 1.000 1.000 1.000 1.000 1.000 1.000 1.000 1.000 1.000 1.000 1.000 1.000 1.000 1.000
