22 23 73 24
0.403 0.361 0.125 0.111
C15_LAVES
700.000 702.000 712.000 722.000 732.000 735.105 735.105 742.000 745.584 746.000 748.000 750.000 752.000 754.000 756.000 758.000 760.000 762.000 764.000 766.000 768.000 770.000 776.938 780.000 790.000 800.000 810.000 820.000 830.000 840.000 850.000 860.000 870.000 880.000 890.000 900.000 910.000 920.000 930.000 940.000 950.000 960.000 970.000 980.000 990.000 1000.000 1010.000 1020.000 1030.000 1040.000 1050.000 1060.000 1070.000 1077.083
0.550 0.550 0.549 0.547 0.544 0.542 0.542 0.529 0.521 0.520 0.515 0.509 0.502 0.495 0.487 0.478 0.469 0.460 0.450 0.441 0.431 0.421 0.386 0.384 0.375 0.366 0.357 0.347 0.338 0.328 0.317 0.307 0.296 0.285 0.273 0.262 0.250 0.237 0.225 0.212 0.198 0.185 0.171 0.157 0.142 0.127 0.112 0.096 0.080 0.064 0.047 0.030 0.013 0.000
BCC_B2#2
700.000 702.000 712.000 722.000 732.000 735.105 735.105 742.000 745.584
0.212 0.213 0.218 0.225 0.236 0.242 0.242 0.064 0.000
HCP_A3
700.000 702.000 712.000 722.000 732.000 735.105 735.105 742.000 745.584 746.000 748.000 750.000 752.000 754.000 756.000 758.000 760.000 762.000 764.000 766.000 768.000 770.000 776.938
0.238 0.237 0.233 0.228 0.220 0.216 0.216 0.194 0.180 0.179 0.171 0.163 0.154 0.144 0.133 0.121 0.110 0.097 0.085 0.072 0.060 0.047 0.000
BCC_B2
735.105 742.000 745.584 746.000 748.000 750.000 752.000 754.000 756.000 758.000 760.000 762.000 764.000 766.000 768.000 770.000 776.938 780.000 790.000 800.000 810.000 820.000 830.000 840.000 850.000 860.000 870.000 880.000 890.000 900.000 910.000 920.000 930.000 940.000 950.000 960.000 970.000 980.000 990.000 1000.000 1010.000 1020.000 1030.000 1040.000 1050.000 1060.000 1070.000 1077.083 1077.083 1080.000 1090.000 1100.000 1110.000 1120.000 1130.000 1140.000 1150.000 1160.000 1170.000 1180.000 1190.000 1200.000
0.000 0.213 0.299 0.301 0.314 0.328 0.344 0.361 0.380 0.400 0.421 0.443 0.465 0.487 0.510 0.532 0.614 0.616 0.625 0.634 0.643 0.653 0.662 0.672 0.683 0.693 0.704 0.715 0.727 0.738 0.750 0.763 0.775 0.788 0.802 0.815 0.829 0.843 0.858 0.873 0.888 0.904 0.920 0.936 0.953 0.970 0.987 1.000 1.000 1.000 1.000 1.000 1.000 1.000 1.000 1.000 1.000 1.000 1.000 1.000 1.000 1.000
