22 23 73 24
0.417 0.361 0.097 0.125
C15_LAVES
700.000 702.000 712.000 722.000 732.000 742.000 752.000 754.578 754.578 762.000 772.000 782.000 785.770 786.000 788.000 788.624 788.624 790.000 800.000 810.000 820.000 830.000 840.000 850.000 860.000 870.000 880.000 890.000 900.000 910.000 920.000 930.000 940.000 950.000 960.000 970.000 980.000 990.000 1000.000 1010.000 1020.000 1030.000 1040.000 1050.000 1056.346
0.449 0.449 0.447 0.446 0.444 0.440 0.435 0.434 0.434 0.412 0.378 0.342 0.329 0.328 0.320 0.317 0.317 0.316 0.308 0.300 0.291 0.282 0.273 0.264 0.254 0.244 0.234 0.224 0.213 0.202 0.190 0.178 0.166 0.154 0.141 0.128 0.114 0.101 0.086 0.072 0.057 0.042 0.026 0.010 0.000
BCC_B2#2
700.000 702.000 712.000 722.000 732.000 742.000 752.000 754.578 754.578 762.000 772.000 782.000 785.770
0.299 0.300 0.305 0.311 0.319 0.329 0.344 0.349 0.349 0.229 0.119 0.031 0.000
HCP_A3
700.000 702.000 712.000 722.000 732.000 742.000 752.000 754.578 754.578 762.000 772.000 782.000 785.770 786.000 788.000 788.624 788.624
0.252 0.251 0.248 0.243 0.238 0.231 0.221 0.218 0.218 0.181 0.121 0.051 0.022 0.020 0.005 0.000 0.000
BCC_B2
754.578 762.000 772.000 782.000 785.770 786.000 788.000 788.624 788.624 790.000 800.000 810.000 820.000 830.000 840.000 850.000 860.000 870.000 880.000 890.000 900.000 910.000 920.000 930.000 940.000 950.000 960.000 970.000 980.000 990.000 1000.000 1010.000 1020.000 1030.000 1040.000 1050.000 1056.346 1056.346 1060.000 1070.000 1080.000 1090.000 1100.000 1110.000 1120.000 1130.000 1140.000 1150.000 1160.000 1170.000 1180.000 1190.000 1200.000
0.000 0.178 0.382 0.575 0.649 0.652 0.675 0.683 0.683 0.684 0.692 0.700 0.709 0.718 0.727 0.736 0.746 0.756 0.766 0.776 0.787 0.798 0.810 0.822 0.834 0.846 0.859 0.872 0.886 0.899 0.914 0.928 0.943 0.958 0.974 0.990 1.000 1.000 1.000 1.000 1.000 1.000 1.000 1.000 1.000 1.000 1.000 1.000 1.000 1.000 1.000 1.000 1.000
