22 23 73 24
0.417 0.347 0.125 0.111
C15_LAVES
700.000 704.000 714.000 724.000 734.000 737.097 737.097 744.000 747.495 748.000 750.000 752.000 754.000 756.000 758.000 760.000 762.000 764.000 766.000 768.000 770.000 780.000 781.460 790.000 800.000 810.000 820.000 830.000 840.000 850.000 860.000 870.000 880.000 890.000 900.000 910.000 920.000 930.000 940.000 950.000 960.000 970.000 980.000 990.000 1000.000 1010.000 1020.000 1030.000 1040.000 1050.000 1060.000 1070.000 1079.497
0.552 0.552 0.551 0.549 0.546 0.544 0.544 0.531 0.523 0.522 0.517 0.511 0.504 0.497 0.488 0.480 0.471 0.462 0.453 0.443 0.434 0.385 0.378 0.370 0.361 0.352 0.342 0.332 0.322 0.312 0.302 0.291 0.280 0.269 0.257 0.245 0.233 0.221 0.208 0.195 0.182 0.168 0.154 0.140 0.126 0.111 0.096 0.081 0.065 0.049 0.033 0.016 0.000
BCC_B2#2
700.000 704.000 714.000 724.000 734.000 737.097 737.097 744.000 747.495
0.196 0.198 0.202 0.209 0.219 0.224 0.224 0.059 0.000
HCP_A3
700.000 704.000 714.000 724.000 734.000 737.097 737.097 744.000 747.495 748.000 750.000 752.000 754.000 756.000 758.000 760.000 762.000 764.000 766.000 768.000 770.000 780.000 781.460
0.252 0.250 0.247 0.242 0.235 0.231 0.231 0.208 0.195 0.193 0.185 0.177 0.167 0.157 0.147 0.135 0.124 0.112 0.100 0.088 0.075 0.010 0.000
BCC_B2
737.097 744.000 747.495 748.000 750.000 752.000 754.000 756.000 758.000 760.000 762.000 764.000 766.000 768.000 770.000 780.000 781.460 790.000 800.000 810.000 820.000 830.000 840.000 850.000 860.000 870.000 880.000 890.000 900.000 910.000 920.000 930.000 940.000 950.000 960.000 970.000 980.000 990.000 1000.000 1010.000 1020.000 1030.000 1040.000 1050.000 1060.000 1070.000 1079.497 1079.497 1080.000 1090.000 1100.000 1110.000 1120.000 1130.000 1140.000 1150.000 1160.000 1170.000 1180.000 1190.000 1200.000
0.000 0.201 0.282 0.285 0.298 0.312 0.328 0.346 0.365 0.385 0.405 0.426 0.448 0.469 0.491 0.605 0.622 0.630 0.639 0.648 0.658 0.668 0.678 0.688 0.698 0.709 0.720 0.731 0.743 0.755 0.767 0.779 0.792 0.805 0.818 0.832 0.846 0.860 0.874 0.889 0.904 0.919 0.935 0.951 0.967 0.984 1.000 1.000 1.000 1.000 1.000 1.000 1.000 1.000 1.000 1.000 1.000 1.000 1.000 1.000 1.000
