22 23 73 24
0.431 0.347 0.097 0.125
C15_LAVES
700.000 704.000 714.000 724.000 734.000 744.000 754.000 756.751 756.751 764.000 774.000 784.000 786.849 788.000 790.000 792.000 792.911 792.911 800.000 810.000 820.000 830.000 840.000 850.000 860.000 870.000 880.000 890.000 900.000 910.000 920.000 930.000 940.000 950.000 960.000 970.000 980.000 990.000 1000.000 1010.000 1020.000 1030.000 1040.000 1050.000 1059.648
0.450 0.450 0.449 0.448 0.446 0.443 0.438 0.436 0.436 0.415 0.382 0.347 0.337 0.333 0.324 0.316 0.313 0.313 0.307 0.299 0.290 0.281 0.272 0.263 0.253 0.243 0.233 0.223 0.212 0.201 0.190 0.178 0.166 0.154 0.142 0.129 0.116 0.102 0.089 0.075 0.060 0.046 0.031 0.015 0.000
BCC_B2#2
700.000 704.000 714.000 724.000 734.000 744.000 754.000 756.751 756.751 764.000 774.000 784.000 786.849
0.283 0.284 0.289 0.294 0.301 0.311 0.325 0.330 0.330 0.219 0.112 0.024 0.000
HCP_A3
700.000 704.000 714.000 724.000 734.000 744.000 754.000 756.751 756.751 764.000 774.000 784.000 786.849 788.000 790.000 792.000 792.911 792.911
0.267 0.265 0.262 0.258 0.253 0.246 0.237 0.234 0.234 0.198 0.138 0.067 0.046 0.037 0.022 0.007 0.000 0.000
BCC_B2
756.751 764.000 774.000 784.000 786.849 788.000 790.000 792.000 792.911 792.911 800.000 810.000 820.000 830.000 840.000 850.000 860.000 870.000 880.000 890.000 900.000 910.000 920.000 930.000 940.000 950.000 960.000 970.000 980.000 990.000 1000.000 1010.000 1020.000 1030.000 1040.000 1050.000 1059.648 1059.648 1060.000 1070.000 1080.000 1090.000 1100.000 1110.000 1120.000 1130.000 1140.000 1150.000 1160.000 1170.000 1180.000 1190.000 1200.000
0.000 0.168 0.369 0.562 0.617 0.630 0.653 0.677 0.687 0.687 0.693 0.701 0.710 0.719 0.728 0.737 0.747 0.757 0.767 0.777 0.788 0.799 0.810 0.822 0.834 0.846 0.858 0.871 0.884 0.898 0.911 0.925 0.940 0.954 0.969 0.985 1.000 1.000 1.000 1.000 1.000 1.000 1.000 1.000 1.000 1.000 1.000 1.000 1.000 1.000 1.000 1.000 1.000
