22 23 73 24
0.431 0.375 0.083 0.111
C15_LAVES
700.000 704.000 714.000 724.000 734.000 744.000 747.099 747.099 748.000 750.000 752.000 762.000 772.000 782.000 784.562 784.995 784.995 790.000 800.000 810.000 820.000 830.000 840.000 850.000 860.000 870.000 880.000 890.000 900.000 910.000 920.000 930.000 940.000 950.000 960.000 970.000 980.000 988.967
0.388 0.387 0.385 0.382 0.378 0.371 0.369 0.369 0.367 0.362 0.357 0.326 0.291 0.255 0.246 0.245 0.245 0.240 0.231 0.222 0.212 0.202 0.192 0.182 0.171 0.160 0.148 0.136 0.124 0.111 0.099 0.085 0.072 0.058 0.044 0.029 0.014 0.000
BCC_B2#2
700.000 704.000 714.000 724.000 734.000 744.000 747.099 747.099 748.000 750.000 752.000 762.000 772.000 782.000 784.562
0.348 0.350 0.358 0.367 0.380 0.397 0.404 0.404 0.384 0.342 0.305 0.174 0.090 0.018 0.000
HCP_A3
700.000 704.000 714.000 724.000 734.000 744.000 747.099 747.099 748.000 750.000 752.000 762.000 772.000 782.000 784.562 784.995 784.995
0.264 0.262 0.257 0.251 0.243 0.232 0.227 0.227 0.224 0.216 0.207 0.157 0.094 0.023 0.003 0.000 0.000
BCC_B2
747.099 748.000 750.000 752.000 762.000 772.000 782.000 784.562 784.995 784.995 790.000 800.000 810.000 820.000 830.000 840.000 850.000 860.000 870.000 880.000 890.000 900.000 910.000 920.000 930.000 940.000 950.000 960.000 970.000 980.000 988.967 988.967 990.000 1000.000 1010.000 1020.000 1030.000 1040.000 1050.000 1060.000 1070.000 1080.000 1090.000 1100.000 1110.000 1120.000 1130.000 1140.000 1150.000 1160.000 1170.000 1180.000 1190.000 1200.000
0.000 0.026 0.080 0.131 0.343 0.525 0.703 0.750 0.755 0.755 0.760 0.769 0.778 0.788 0.798 0.808 0.818 0.829 0.840 0.852 0.864 0.876 0.889 0.901 0.915 0.928 0.942 0.956 0.971 0.986 1.000 1.000 1.000 1.000 1.000 1.000 1.000 1.000 1.000 1.000 1.000 1.000 1.000 1.000 1.000 1.000 1.000 1.000 1.000 1.000 1.000 1.000 1.000 1.000
