22 23 73 24
0.431 0.361 0.097 0.111
C15_LAVES
700.000 708.000 718.000 728.000 738.000 744.443 744.443 748.000 758.000 768.000 770.673 772.000 774.000 776.000 778.000 780.000 782.000 784.000 784.517 784.517 790.000 800.000 810.000 820.000 830.000 840.000 850.000 860.000 870.000 880.000 890.000 900.000 910.000 920.000 930.000 940.000 950.000 960.000 970.000 980.000 990.000 1000.000 1010.000 1020.000 1023.189
0.446 0.445 0.443 0.440 0.436 0.432 0.432 0.424 0.396 0.362 0.352 0.346 0.338 0.329 0.321 0.312 0.303 0.294 0.292 0.292 0.287 0.278 0.269 0.260 0.250 0.240 0.229 0.219 0.208 0.197 0.185 0.173 0.161 0.148 0.136 0.122 0.109 0.095 0.081 0.067 0.052 0.037 0.021 0.005 0.000
BCC_B2#2
700.000 708.000 718.000 728.000 738.000 744.443 744.443 748.000 758.000 768.000 770.673
0.289 0.293 0.300 0.309 0.322 0.335 0.335 0.256 0.107 0.019 0.000
HCP_A3
700.000 708.000 718.000 728.000 738.000 744.443 744.443 748.000 758.000 768.000 770.673 772.000 774.000 776.000 778.000 780.000 782.000 784.000 784.517 784.517
0.265 0.261 0.256 0.250 0.242 0.234 0.234 0.221 0.174 0.115 0.098 0.089 0.075 0.061 0.047 0.033 0.018 0.004 0.000 0.000
BCC_B2
744.443 748.000 758.000 768.000 770.673 772.000 774.000 776.000 778.000 780.000 782.000 784.000 784.517 784.517 790.000 800.000 810.000 820.000 830.000 840.000 850.000 860.000 870.000 880.000 890.000 900.000 910.000 920.000 930.000 940.000 950.000 960.000 970.000 980.000 990.000 1000.000 1010.000 1020.000 1023.189 1023.189 1030.000 1040.000 1050.000 1060.000 1070.000 1080.000 1090.000 1100.000 1110.000 1120.000 1130.000 1140.000 1150.000 1160.000 1170.000 1180.000 1190.000 1200.000
0.000 0.100 0.322 0.504 0.550 0.565 0.587 0.609 0.632 0.655 0.678 0.702 0.708 0.708 0.713 0.722 0.731 0.740 0.750 0.760 0.771 0.781 0.792 0.803 0.815 0.827 0.839 0.852 0.864 0.878 0.891 0.905 0.919 0.933 0.948 0.963 0.979 0.995 1.000 1.000 1.000 1.000 1.000 1.000 1.000 1.000 1.000 1.000 1.000 1.000 1.000 1.000 1.000 1.000 1.000 1.000 1.000 1.000
