22 23 73 24
0.444 0.375 0.056 0.125
C15_LAVES
700.000 710.000 720.000 730.000 740.000 750.000 760.000 767.176 767.176 770.000 780.000 790.000 800.000 800.860 810.000 820.000 824.633 830.000 840.000 850.000 860.000 870.000 880.000 890.000 900.000 910.000 920.000 930.000 940.000 943.902
0.272 0.270 0.267 0.264 0.260 0.256 0.249 0.243 0.243 0.235 0.202 0.169 0.138 0.135 0.133 0.132 0.132 0.127 0.117 0.108 0.098 0.087 0.076 0.065 0.054 0.042 0.030 0.018 0.005 0.000
BCC_B2#2
700.000 710.000 720.000 730.000 740.000 750.000 760.000 767.176 767.176 770.000 780.000 790.000 800.000 800.860 810.000 820.000 824.633
0.447 0.453 0.461 0.469 0.480 0.493 0.511 0.527 0.527 0.488 0.378 0.285 0.194 0.186 0.134 0.052 0.000
HCP_A3
700.000 710.000 720.000 730.000 740.000 750.000 760.000 767.176 767.176 770.000 780.000 790.000 800.000 800.860
0.281 0.277 0.272 0.266 0.259 0.251 0.240 0.230 0.230 0.215 0.156 0.087 0.007 0.000
BCC_B2
767.176 770.000 780.000 790.000 800.000 800.860 810.000 820.000 824.633 830.000 840.000 850.000 860.000 870.000 880.000 890.000 900.000 910.000 920.000 930.000 940.000 943.902 950.000 960.000 970.000 980.000 990.000 1000.000 1010.000 1020.000 1030.000 1040.000 1050.000 1060.000 1070.000 1080.000 1090.000 1100.000 1110.000 1120.000 1130.000 1140.000 1150.000 1160.000 1170.000 1180.000 1190.000 1200.000
0.000 0.062 0.265 0.459 0.661 0.679 0.733 0.816 0.868 0.873 0.883 0.892 0.902 0.913 0.924 0.935 0.946 0.958 0.970 0.982 0.995 1.000 1.000 1.000 1.000 1.000 1.000 1.000 1.000 1.000 1.000 1.000 1.000 1.000 1.000 1.000 1.000 1.000 1.000 1.000 1.000 1.000 1.000 1.000 1.000 1.000 1.000 1.000
