22 23 73 24
0.444 0.375 0.042 0.139
C15_LAVES
700.000 710.000 720.000 730.000 740.000 750.000 760.000 770.000 780.000 782.893 782.893 790.000 800.000 810.000 812.161 820.000 830.000 840.000 844.780 850.000 860.000 870.000 880.000 890.000 900.000 910.000 920.000 920.463
0.208 0.206 0.204 0.201 0.198 0.194 0.190 0.184 0.177 0.175 0.175 0.152 0.119 0.088 0.082 0.080 0.078 0.077 0.077 0.072 0.063 0.053 0.044 0.033 0.023 0.012 0.001 0.000
BCC_B2#2
700.000 710.000 720.000 730.000 740.000 750.000 760.000 770.000 780.000 782.893 782.893 790.000 800.000 810.000 812.161 820.000 830.000 840.000 844.780
0.507 0.513 0.520 0.527 0.536 0.546 0.558 0.574 0.594 0.601 0.601 0.524 0.422 0.319 0.295 0.258 0.191 0.081 0.000
HCP_A3
700.000 710.000 720.000 730.000 740.000 750.000 760.000 770.000 780.000 782.893 782.893 790.000 800.000 810.000 812.161
0.285 0.281 0.277 0.272 0.266 0.260 0.252 0.242 0.229 0.225 0.225 0.180 0.108 0.021 0.000
BCC_B2
782.893 790.000 800.000 810.000 812.161 820.000 830.000 840.000 844.780 850.000 860.000 870.000 880.000 890.000 900.000 910.000 920.000 920.463 930.000 940.000 950.000 960.000 970.000 980.000 990.000 1000.000 1010.000 1020.000 1030.000 1040.000 1050.000 1060.000 1070.000 1080.000 1090.000 1100.000 1110.000 1120.000 1130.000 1140.000 1150.000 1160.000 1170.000 1180.000 1190.000 1200.000
0.000 0.145 0.351 0.572 0.623 0.662 0.731 0.842 0.923 0.928 0.937 0.947 0.956 0.967 0.977 0.988 0.999 1.000 1.000 1.000 1.000 1.000 1.000 1.000 1.000 1.000 1.000 1.000 1.000 1.000 1.000 1.000 1.000 1.000 1.000 1.000 1.000 1.000 1.000 1.000 1.000 1.000 1.000 1.000 1.000 1.000
