22 23 73 24
0.472 0.319 0.097 0.111
C15_LAVES
300.000 303.200 313.200 323.200 333.200 343.200 353.200 363.200 373.200 383.200 393.200 403.200 413.200 423.200 433.200 443.200 453.200 463.200 473.200 483.200 493.200 503.200 513.200 523.200 533.200 543.200 544.416 544.416 547.029 547.200 549.200 551.200 553.200 555.200 557.200 559.200 561.200 563.200 565.200 567.200 569.200 571.200 573.200 573.200 583.200 593.200 603.200 613.200 623.200 633.200 643.200 653.200 663.200 673.200 683.200 693.200 703.200 713.200 723.200 733.200 743.200 751.900 751.900 753.200 763.200 773.200 776.589 777.200 779.200 781.200 783.200 785.200 787.200 789.200 791.200 793.200 795.200 797.200 797.600 797.600 nan 797.600 798.000 798.605 798.605 800.000 810.000 820.000 830.000 840.000 850.000 860.000 870.000 880.000 890.000 900.000 910.000 920.000 930.000 940.000 950.000 960.000 970.000 980.000 990.000 1000.000 1010.000 1020.000 1030.000 1036.490
0.442 0.442 0.442 0.443 0.443 0.443 0.443 0.443 0.443 0.443 0.443 0.444 0.444 0.444 0.444 0.445 0.445 0.445 0.446 0.446 0.447 0.447 0.448 0.448 0.449 0.449 0.449 0.449 0.449 0.449 0.449 0.449 0.449 0.449 0.449 0.449 0.449 0.450 0.450 0.450 0.450 0.450 0.450 0.450 0.450 0.451 0.451 0.451 0.452 0.452 0.452 0.452 0.453 0.453 0.452 0.452 0.451 0.451 0.449 0.447 0.444 0.440 0.440 0.437 0.410 0.377 0.366 0.364 0.356 0.348 0.340 0.332 0.324 0.316 0.308 0.300 0.292 0.284 0.283 0.283 nan 0.974 0.906 0.279 0.279 0.277 0.268 0.259 0.249 0.240 0.230 0.219 0.209 0.198 0.187 0.176 0.165 0.153 0.142 0.129 0.117 0.105 0.092 0.079 0.065 0.052 0.038 0.024 0.009 0.000
BCC_B2#3
300.000 303.200 313.200 323.200 333.200 343.200 353.200 363.200 373.200 383.200 393.200 403.200 413.200 423.200 433.200 443.200 453.200 463.200 473.200 483.200 493.200 503.200 513.200 523.200 533.200 543.200 544.416 544.416 547.029
0.195 0.195 0.195 0.195 0.195 0.195 0.195 0.195 0.195 0.195 0.195 0.195 0.196 0.196 0.196 0.196 0.196 0.196 0.196 0.197 0.197 0.197 0.197 0.198 0.198 0.198 0.199 0.199 0.000
HCP_A3
300.000 303.200 313.200 323.200 333.200 343.200 353.200 363.200 373.200 383.200 393.200 403.200 413.200 423.200 433.200 443.200 453.200 463.200 473.200 483.200 493.200 503.200 513.200 523.200 533.200 543.200 544.416 544.416 547.029 547.200 549.200 551.200 553.200 555.200 557.200 559.200 561.200 563.200 565.200 567.200 569.200 571.200 573.200 573.200 583.200 593.200 603.200 613.200 623.200 633.200 643.200 653.200 663.200 673.200 683.200 693.200 703.200 713.200 723.200 733.200 743.200 751.900 751.900 753.200 763.200 773.200 776.589 777.200 779.200 781.200 783.200 785.200 787.200 789.200 791.200 793.200 795.200 797.200 797.600 797.600 nan 797.600 798.000 798.605 798.605
0.363 0.363 0.363 0.363 0.362 0.362 0.362 0.362 0.362 0.361 0.361 0.361 0.361 0.360 0.360 0.359 0.359 0.358 0.358 0.357 0.357 0.356 0.355 0.354 0.353 0.352 0.352 0.352 0.337 0.336 0.336 0.336 0.335 0.335 0.334 0.334 0.334 0.333 0.333 0.332 0.332 0.332 0.331 0.331 0.330 0.328 0.327 0.325 0.323 0.322 0.320 0.318 0.317 0.315 0.312 0.310 0.307 0.304 0.300 0.296 0.289 0.281 0.281 0.276 0.230 0.172 0.150 0.146 0.133 0.120 0.107 0.094 0.081 0.067 0.053 0.039 0.025 0.010 0.007 0.007 nan 0.026 0.094 0.000 0.000
BCC_B2
544.416 547.029 547.200 549.200 551.200 553.200 555.200 557.200 559.200 561.200 563.200 565.200 567.200 569.200 571.200 573.200 573.200 583.200 593.200 603.200 613.200 623.200 633.200 643.200 653.200 663.200 673.200 683.200 693.200 703.200 713.200 723.200 733.200 743.200 751.900 751.900 753.200 763.200 773.200 776.589 nan 797.600 798.000 798.605 798.605 800.000 810.000 820.000 830.000 840.000 850.000 860.000 870.000 880.000 890.000 900.000 910.000 920.000 930.000 940.000 950.000 960.000 970.000 980.000 990.000 1000.000 1010.000 1020.000 1030.000 1036.490 1036.490 1040.000 1050.000 1060.000 1070.000 1080.000 1090.000 1100.000 1110.000 1120.000 1130.000 1140.000 1150.000 1160.000 1170.000 1180.000 1190.000 1200.000 1210.000 1220.000 1230.000 1240.000 1250.000 1260.000 1270.000 1280.000 1290.000 1300.000 1310.000 1320.000 1330.000 1340.000 1350.000 1360.000 1370.000 1380.000 1390.000 1400.000
0.000 0.215 0.215 0.215 0.215 0.216 0.216 0.216 0.217 0.217 0.217 0.218 0.218 0.218 0.218 0.219 0.219 0.220 0.221 0.222 0.223 0.225 0.226 0.228 0.229 0.231 0.233 0.235 0.238 0.241 0.245 0.250 0.257 0.266 0.279 0.279 0.255 0.117 0.026 0.000 nan 0.000 0.000 0.721 0.721 0.723 0.732 0.741 0.751 0.760 0.770 0.781 0.791 0.802 0.813 0.824 0.835 0.847 0.858 0.871 0.883 0.895 0.908 0.921 0.935 0.948 0.962 0.976 0.991 1.000 1.000 1.000 1.000 1.000 1.000 1.000 1.000 1.000 1.000 1.000 1.000 1.000 1.000 1.000 1.000 1.000 1.000 1.000 1.000 1.000 1.000 1.000 1.000 1.000 1.000 1.000 1.000 1.000 1.000 1.000 1.000 1.000 1.000 1.000 1.000 1.000 1.000 1.000
BCC_B2#2
751.900 753.200 763.200 773.200 776.589 777.200 779.200 781.200 783.200 785.200 787.200 789.200 791.200 793.200 795.200 797.200 797.600 797.600
0.000 0.032 0.244 0.425 0.484 0.490 0.511 0.532 0.553 0.574 0.595 0.617 0.639 0.661 0.683 0.706 0.710 0.710
