22 23 73 24
0.486 0.306 0.097 0.111
C15_LAVES
300.000 303.200 313.200 323.200 333.200 343.200 353.200 363.200 373.200 383.200 393.200 403.200 413.200 423.200 433.200 443.200 453.200 463.200 473.200 483.200 493.200 503.200 513.200 523.200 533.200 543.049 543.049 543.200 545.525 547.200 549.200 551.200 553.200 555.200 557.200 559.200 561.200 563.200 565.200 567.200 569.200 571.200 573.200 575.200 577.200 579.200 581.200 583.200 583.200 593.200 603.200 613.200 623.200 633.200 643.200 653.200 663.200 673.200 683.200 693.200 703.200 713.200 723.200 733.200 743.200 753.200 753.321 753.321 763.200 773.200 776.780 777.200 779.200 781.200 783.200 785.200 787.200 789.200 791.200 793.200 793.600 793.600 nan 793.600 794.000 796.000 798.000 800.000 802.000 802.942 802.942 810.000 820.000 830.000 840.000 850.000 860.000 870.000 880.000 890.000 900.000 910.000 920.000 930.000 940.000 950.000 960.000 970.000 980.000 990.000 1000.000 1010.000 1020.000 1030.000 1038.455
0.443 0.443 0.443 0.443 0.443 0.443 0.443 0.443 0.443 0.444 0.444 0.444 0.444 0.444 0.445 0.445 0.445 0.446 0.446 0.447 0.447 0.447 0.448 0.448 0.449 0.450 0.450 0.450 0.449 0.449 0.449 0.450 0.450 0.450 0.450 0.450 0.450 0.450 0.450 0.450 0.450 0.450 0.450 0.451 0.451 0.451 0.451 0.451 0.451 0.451 0.452 0.452 0.453 0.453 0.453 0.453 0.454 0.454 0.454 0.453 0.453 0.452 0.451 0.450 0.447 0.443 0.443 0.443 0.417 0.385 0.374 0.372 0.364 0.357 0.349 0.341 0.333 0.326 0.318 0.310 0.309 0.309 nan 0.823 0.867 0.299 0.291 0.284 0.276 0.272 0.272 0.266 0.256 0.247 0.237 0.227 0.217 0.207 0.196 0.185 0.174 0.163 0.152 0.140 0.129 0.116 0.104 0.092 0.079 0.066 0.053 0.039 0.026 0.012 0.000
BCC_B2#3
300.000 303.200 313.200 323.200 333.200 343.200 353.200 363.200 373.200 383.200 393.200 403.200 413.200 423.200 433.200 443.200 453.200 463.200 473.200 483.200 493.200 503.200 513.200 523.200 533.200 543.049 543.049 543.200 545.525
0.183 0.183 0.183 0.183 0.184 0.184 0.184 0.184 0.184 0.184 0.184 0.184 0.184 0.184 0.184 0.184 0.184 0.185 0.185 0.185 0.185 0.185 0.185 0.186 0.186 0.186 0.186 0.175 0.000
HCP_A3
300.000 303.200 313.200 323.200 333.200 343.200 353.200 363.200 373.200 383.200 393.200 403.200 413.200 423.200 433.200 443.200 453.200 463.200 473.200 483.200 493.200 503.200 513.200 523.200 533.200 543.049 543.049 543.200 545.525 547.200 549.200 551.200 553.200 555.200 557.200 559.200 561.200 563.200 565.200 567.200 569.200 571.200 573.200 575.200 577.200 579.200 581.200 583.200 583.200 593.200 603.200 613.200 623.200 633.200 643.200 653.200 663.200 673.200 683.200 693.200 703.200 713.200 723.200 733.200 743.200 753.200 753.321 753.321 763.200 773.200 776.780 777.200 779.200 781.200 783.200 785.200 787.200 789.200 791.200 793.200 793.600 793.600 nan 793.600 794.000 796.000 798.000 800.000 802.000 802.942 802.942
0.374 0.374 0.374 0.374 0.374 0.373 0.373 0.373 0.373 0.373 0.372 0.372 0.372 0.371 0.371 0.371 0.370 0.370 0.369 0.369 0.368 0.367 0.367 0.366 0.365 0.364 0.364 0.363 0.349 0.348 0.348 0.348 0.347 0.347 0.346 0.346 0.346 0.345 0.345 0.345 0.345 0.344 0.344 0.344 0.343 0.343 0.343 0.342 0.342 0.341 0.340 0.338 0.337 0.335 0.334 0.332 0.330 0.329 0.327 0.324 0.322 0.319 0.316 0.311 0.306 0.297 0.297 0.297 0.253 0.197 0.174 0.172 0.160 0.147 0.135 0.122 0.109 0.096 0.083 0.069 0.066 0.066 nan 0.177 0.133 0.050 0.036 0.021 0.007 0.000 0.000
BCC_B2
543.049 543.200 545.525 547.200 549.200 551.200 553.200 555.200 557.200 559.200 561.200 563.200 565.200 567.200 569.200 571.200 573.200 575.200 577.200 579.200 581.200 583.200 583.200 593.200 603.200 613.200 623.200 633.200 643.200 653.200 663.200 673.200 683.200 693.200 703.200 713.200 723.200 733.200 743.200 753.200 753.321 753.321 763.200 773.200 776.780 nan 793.600 794.000 796.000 798.000 800.000 802.000 802.942 802.942 810.000 820.000 830.000 840.000 850.000 860.000 870.000 880.000 890.000 900.000 910.000 920.000 930.000 940.000 950.000 960.000 970.000 980.000 990.000 1000.000 1010.000 1020.000 1030.000 1038.455 1038.455 1040.000 1050.000 1060.000 1070.000 1080.000 1090.000 1100.000 1110.000 1120.000 1130.000 1140.000 1150.000 1160.000 1170.000 1180.000 1190.000 1200.000 1210.000 1220.000 1230.000 1240.000 1250.000 1260.000 1270.000 1280.000 1290.000 1300.000 1310.000 1320.000 1330.000 1340.000 1350.000 1360.000 1370.000 1380.000 1390.000 1400.000
0.000 0.012 0.202 0.202 0.203 0.203 0.203 0.203 0.204 0.204 0.204 0.204 0.205 0.205 0.205 0.205 0.206 0.206 0.206 0.206 0.206 0.207 0.207 0.208 0.209 0.210 0.211 0.212 0.213 0.215 0.216 0.218 0.220 0.222 0.225 0.229 0.233 0.239 0.247 0.260 0.260 0.260 0.121 0.028 0.000 nan 0.000 0.000 0.651 0.673 0.695 0.717 0.728 0.728 0.734 0.744 0.753 0.763 0.773 0.783 0.793 0.804 0.815 0.826 0.837 0.848 0.860 0.871 0.884 0.896 0.908 0.921 0.934 0.947 0.961 0.974 0.988 1.000 1.000 1.000 1.000 1.000 1.000 1.000 1.000 1.000 1.000 1.000 1.000 1.000 1.000 1.000 1.000 1.000 1.000 1.000 1.000 1.000 1.000 1.000 1.000 1.000 1.000 1.000 1.000 1.000 1.000 1.000 1.000 1.000 1.000 1.000 1.000 1.000 1.000 1.000
BCC_B2#2
753.321 763.200 773.200 776.780 777.200 779.200 781.200 783.200 785.200 787.200 789.200 791.200 793.200 793.600 793.600
0.000 0.209 0.390 0.452 0.456 0.476 0.496 0.516 0.537 0.558 0.578 0.600 0.621 0.625 0.625
