22 23 42 13
0.264 0.597 0.014 0.125
ALTI3_D019
300.000 310.000 320.000 330.000 340.000 350.000 359.976 360.000 370.000 380.000 390.000 400.000 410.000 420.000 430.000 440.000 450.000 460.000 470.000 480.000 490.000 500.000 510.000 520.000 530.000 540.000 550.000 560.000 570.000 580.000 590.000 600.000 610.000 620.000 630.000 640.000 650.000 660.000 670.000 680.000 690.000 700.000 710.000 720.000 730.000 740.000 750.000 760.000 770.000 780.000 790.000 800.000 810.000 820.000 830.000 840.000 850.000 860.000 870.000 880.000 890.000 900.000 910.000 920.000 926.778
0.310 0.310 0.309 0.308 0.307 0.305 0.304 0.304 0.301 0.297 0.294 0.289 0.284 0.279 0.274 0.268 0.263 0.257 0.251 0.245 0.240 0.234 0.228 0.223 0.217 0.212 0.207 0.201 0.196 0.191 0.185 0.180 0.175 0.170 0.165 0.159 0.154 0.149 0.144 0.139 0.133 0.128 0.123 0.118 0.112 0.107 0.102 0.096 0.091 0.085 0.080 0.074 0.069 0.063 0.058 0.052 0.046 0.040 0.034 0.028 0.022 0.016 0.010 0.004 0.000
BCC_B2
300.000 310.000 320.000 330.000 340.000 350.000 359.976 360.000 370.000 380.000 390.000 400.000 410.000 420.000 430.000 440.000 450.000 460.000 470.000 480.000 490.000 500.000 510.000 520.000 530.000 540.000 550.000 560.000 570.000 580.000 590.000 600.000 610.000 620.000 630.000 640.000 650.000 660.000 670.000 680.000 690.000 700.000 710.000 720.000 730.000 740.000 750.000 760.000 770.000 780.000 790.000 800.000 810.000 820.000 830.000 840.000 850.000 860.000 870.000 880.000 890.000 900.000 910.000 920.000 926.778 926.778 930.000 940.000 950.000 960.000 970.000 980.000 990.000 1000.000 1010.000 1020.000 1030.000 1040.000 1050.000 1060.000 1070.000 1080.000 1090.000 1100.000 1110.000 1120.000 1130.000 1140.000 1150.000 1160.000 1170.000 1180.000 1190.000 1200.000 1210.000 1220.000 1230.000 1240.000 1250.000 1260.000 1270.000 1280.000 1290.000 1300.000 1310.000 1320.000 1330.000 1340.000 1350.000 1360.000 1370.000 1380.000 1390.000 1400.000
0.671 0.674 0.678 0.682 0.686 0.691 0.696 0.696 0.699 0.703 0.706 0.711 0.716 0.721 0.726 0.732 0.737 0.743 0.749 0.755 0.760 0.766 0.772 0.777 0.783 0.788 0.793 0.799 0.804 0.809 0.815 0.820 0.825 0.830 0.835 0.841 0.846 0.851 0.856 0.861 0.867 0.872 0.877 0.882 0.888 0.893 0.898 0.904 0.909 0.915 0.920 0.926 0.931 0.937 0.942 0.948 0.954 0.960 0.966 0.972 0.978 0.984 0.990 0.996 1.000 1.000 1.000 1.000 1.000 1.000 1.000 1.000 1.000 1.000 1.000 1.000 1.000 1.000 1.000 1.000 1.000 1.000 1.000 1.000 1.000 1.000 1.000 1.000 1.000 1.000 1.000 1.000 1.000 1.000 1.000 1.000 1.000 1.000 1.000 1.000 1.000 1.000 1.000 1.000 1.000 1.000 1.000 1.000 1.000 1.000 1.000 1.000 1.000 1.000
CR3SI_A15
300.000 310.000 320.000 330.000 340.000 350.000 359.976
0.019 0.016 0.013 0.010 0.007 0.004 0.000
