22 23 42 13
0.278 0.486 0.111 0.125
ALTI3_D019
300.000 310.000 320.000 330.000 340.000 350.000 360.000 370.000 380.000 390.000 392.000 394.000 396.000 398.000 400.000 402.000 404.000 406.000 408.000 410.000 412.000 414.000 416.000 418.000 420.000 422.000 424.000 426.000 428.000 430.000 432.000 434.000 436.000 438.000 440.000 442.000 444.000 446.000 448.000 450.000 452.000 454.000 456.000 458.000 460.000 462.000 464.000 466.000 468.000 470.000 470.000 480.000 490.000 500.000 510.000 520.000 530.000 540.000 550.000 560.000 570.000 580.000 590.000 600.000 610.000 620.000 630.000 640.000 650.000 660.000 670.000 680.000 690.000 700.000 710.000 720.000 730.000 740.000 750.000 760.000 770.000 780.000 790.000 800.000 810.000 820.000 830.000 840.000 841.267 841.267 850.000 857.104 857.104 860.000 868.891
0.382 0.276 0.276 0.277 0.277 0.277 0.277 0.277 0.277 0.276 0.276 0.276 0.276 0.276 0.276 0.276 0.275 0.275 0.275 0.275 0.274 0.274 0.274 0.273 0.273 0.272 0.272 0.271 0.271 0.270 0.269 0.269 0.268 0.267 0.266 0.266 0.265 0.264 0.263 0.261 0.260 0.259 0.258 0.257 0.255 0.254 0.253 0.251 0.250 0.248 0.248 0.241 0.233 0.226 0.219 0.212 0.206 0.200 0.194 0.188 0.182 0.177 0.171 0.166 0.161 0.156 0.151 0.146 0.142 0.137 0.132 0.127 0.123 0.118 0.113 0.109 0.104 0.099 0.095 0.090 0.085 0.080 0.075 0.071 0.066 0.061 0.055 0.050 0.050 0.050 0.029 0.009 0.009 0.007 0.000
BCC_B2
300.000 310.000 320.000 330.000 340.000 350.000 360.000 370.000 380.000 390.000 392.000 394.000 396.000 398.000 400.000 402.000 404.000 406.000 408.000 410.000 412.000 414.000 416.000 418.000 420.000 422.000 424.000 426.000 428.000 430.000 432.000 434.000 436.000 438.000 440.000 442.000 444.000 446.000 448.000 450.000 452.000 454.000 456.000 458.000 460.000 462.000 464.000 466.000 468.000 470.000 470.000 480.000 490.000 500.000 510.000 520.000 530.000 540.000 550.000 560.000 570.000 580.000 590.000 600.000 610.000 620.000 630.000 640.000 650.000 660.000 670.000 680.000 690.000 700.000 710.000 720.000 730.000 740.000 750.000 760.000 770.000 780.000 790.000 800.000 810.000 820.000 830.000 840.000 841.267 841.267 850.000 857.104 857.104 860.000 868.891 868.891 870.000 880.000 890.000 900.000 910.000 920.000 930.000 940.000 950.000 958.579 958.579 960.000 970.000 980.000 990.000 1000.000 1010.000 1020.000 1030.000 1040.000 1050.000 1060.000 1070.000 1080.000 1090.000 1100.000 1110.000 1120.000 1130.000 1140.000 1150.000 1160.000 1170.000 1180.000 1190.000 1200.000 1210.000 1220.000 1230.000 1240.000 1250.000 1260.000 1270.000 1280.000 1290.000 1300.000 1310.000 1320.000 1330.000 1340.000 1350.000 1360.000 1370.000 1380.000 1390.000 1400.000
0.618 0.528 0.531 0.535 0.539 0.543 0.547 0.551 0.556 0.561 0.562 0.563 0.564 0.566 0.567 0.568 0.569 0.571 0.572 0.573 0.574 0.576 0.577 0.579 0.580 0.582 0.583 0.585 0.587 0.588 0.590 0.592 0.593 0.595 0.597 0.599 0.601 0.603 0.605 0.607 0.609 0.611 0.613 0.615 0.617 0.619 0.621 0.624 0.626 0.628 0.628 0.637 0.647 0.656 0.664 0.672 0.679 0.686 0.693 0.700 0.707 0.714 0.720 0.727 0.733 0.740 0.747 0.753 0.760 0.767 0.774 0.780 0.787 0.795 0.802 0.809 0.817 0.824 0.832 0.840 0.848 0.856 0.864 0.873 0.882 0.891 0.900 0.910 0.911 0.911 0.911 0.911 0.911 0.913 0.917 0.917 0.918 0.927 0.936 0.945 0.954 0.963 0.972 0.982 0.992 1.000 1.000 1.000 1.000 1.000 1.000 1.000 1.000 1.000 1.000 1.000 1.000 1.000 1.000 1.000 1.000 1.000 1.000 1.000 1.000 1.000 1.000 1.000 1.000 1.000 1.000 1.000 1.000 1.000 1.000 1.000 1.000 1.000 1.000 1.000 1.000 1.000 1.000 1.000 1.000 1.000 1.000 1.000 1.000 1.000 1.000 1.000
CR3SI_A15
300.000 310.000 320.000 330.000 340.000 350.000 360.000 370.000 380.000 390.000 392.000 394.000 396.000 398.000 400.000 402.000 404.000 406.000 408.000 410.000 412.000 414.000 416.000 418.000 420.000 422.000 424.000 426.000 428.000 430.000 432.000 434.000 436.000 438.000 440.000 442.000 444.000 446.000 448.000 450.000 452.000 454.000 456.000 458.000 460.000 462.000 464.000 466.000 468.000 470.000 470.000 480.000 490.000 500.000 510.000 520.000 530.000 540.000 550.000 560.000 570.000 580.000 590.000 600.000 610.000 620.000 630.000 640.000 650.000 660.000 670.000 680.000 690.000 700.000 710.000 720.000 730.000 740.000 750.000 760.000 770.000 780.000 790.000 800.000 810.000 820.000 830.000 840.000 841.267 841.267 850.000 857.104
0.000 0.196 0.192 0.188 0.184 0.180 0.176 0.172 0.167 0.162 0.161 0.160 0.159 0.158 0.157 0.156 0.155 0.154 0.153 0.152 0.151 0.150 0.149 0.148 0.147 0.146 0.145 0.144 0.143 0.142 0.141 0.140 0.139 0.137 0.136 0.135 0.134 0.133 0.133 0.132 0.131 0.130 0.129 0.128 0.127 0.127 0.126 0.125 0.125 0.124 0.124 0.122 0.120 0.118 0.117 0.116 0.115 0.114 0.113 0.112 0.111 0.110 0.108 0.107 0.106 0.104 0.102 0.100 0.099 0.096 0.094 0.092 0.090 0.087 0.085 0.082 0.079 0.077 0.074 0.070 0.067 0.064 0.060 0.056 0.053 0.049 0.044 0.040 0.040 0.040 0.019 0.000
BCC_B2#2
841.267 850.000 857.104 857.104 860.000 868.891 868.891 870.000 880.000 890.000 900.000 910.000 920.000 930.000 940.000 950.000 958.579
0.000 0.041 0.079 0.079 0.080 0.083 0.083 0.082 0.073 0.064 0.055 0.046 0.037 0.028 0.018 0.008 0.000
