22 23 42 13
0.319 0.472 0.097 0.111
ALTI3_D019
300.000 302.000 312.000 322.000 332.000 342.000 352.000 362.000 372.000 382.000 392.000 402.000 412.000 422.000 424.000 426.000 436.000 446.000 456.000 466.000 476.000 486.000 496.000 498.717 506.000 509.082 509.082 510.000 520.000 530.000 540.000 550.000 560.000 570.000 580.000 590.000 600.000 610.000 620.000 630.000 632.653 640.000 650.000 660.000 670.000 680.000 690.000 700.000 710.000 720.000 730.000 740.000 750.000 760.000 770.000 780.000 790.000 800.000 810.000 820.000 830.000 840.000 850.000 860.000 870.000 874.145 880.000 890.000 900.000 910.000 920.000 922.819
0.345 0.345 0.345 0.345 0.345 0.345 0.344 0.344 0.344 0.344 0.343 0.343 0.342 0.341 0.341 0.331 0.339 0.336 0.333 0.328 0.321 0.311 0.301 0.298 0.290 0.287 0.287 0.286 0.275 0.266 0.257 0.248 0.240 0.232 0.225 0.218 0.212 0.205 0.199 0.193 0.191 0.186 0.180 0.174 0.167 0.161 0.155 0.149 0.143 0.137 0.131 0.124 0.118 0.112 0.106 0.099 0.093 0.087 0.080 0.074 0.067 0.061 0.054 0.048 0.041 0.038 0.034 0.026 0.018 0.010 0.002 0.000
BCC_B2
300.000 302.000 312.000 322.000 332.000 342.000 352.000 362.000 372.000 382.000 392.000 402.000 412.000 422.000 424.000 426.000 436.000 446.000 456.000 466.000 476.000 486.000 496.000 498.717 506.000 509.082 509.082 510.000 520.000 530.000 540.000 550.000 560.000 570.000 580.000 590.000 600.000 610.000 620.000 630.000 632.653 640.000 650.000 660.000 670.000 680.000 690.000 700.000 710.000 720.000 730.000 740.000 750.000 760.000 770.000 780.000 790.000 800.000 810.000 820.000 830.000 840.000 850.000 860.000 870.000 874.145 880.000 890.000 900.000 910.000 920.000 922.819 922.819 930.000 931.542 931.542 940.000 950.000 960.000 970.000 980.000 990.000 1000.000 1010.000 1020.000 1030.000 1040.000 1050.000 1060.000 1070.000 1080.000 1090.000 1100.000 1110.000 1120.000 1130.000 1140.000 1150.000 1160.000 1170.000 1180.000 1190.000 1200.000 1210.000 1220.000 1230.000 1240.000 1250.000 1260.000 1270.000 1280.000 1290.000 1300.000 1310.000 1320.000 1330.000 1340.000 1350.000 1360.000 1370.000 1380.000 1390.000 1400.000
0.614 0.615 0.615 0.615 0.616 0.617 0.618 0.619 0.621 0.623 0.626 0.628 0.632 0.636 0.636 0.669 0.642 0.648 0.656 0.665 0.675 0.687 0.699 0.702 0.710 0.713 0.713 0.714 0.724 0.733 0.742 0.750 0.757 0.765 0.772 0.779 0.786 0.793 0.800 0.807 0.809 0.814 0.820 0.826 0.833 0.839 0.845 0.851 0.857 0.863 0.869 0.876 0.882 0.888 0.894 0.901 0.907 0.913 0.920 0.926 0.933 0.939 0.946 0.952 0.959 0.962 0.965 0.971 0.977 0.983 0.989 0.991 0.991 0.998 1.000 1.000 1.000 1.000 1.000 1.000 1.000 1.000 1.000 1.000 1.000 1.000 1.000 1.000 1.000 1.000 1.000 1.000 1.000 1.000 1.000 1.000 1.000 1.000 1.000 1.000 1.000 1.000 1.000 1.000 1.000 1.000 1.000 1.000 1.000 1.000 1.000 1.000 1.000 1.000 1.000 1.000 1.000 1.000 1.000 1.000 1.000 1.000 1.000
CR3SI_A15
300.000 302.000 312.000 322.000 332.000 342.000 352.000 362.000 372.000 382.000 392.000 402.000 412.000 422.000 424.000 426.000 436.000 446.000 456.000 466.000 476.000 486.000 496.000 498.717 nan 509.082 510.000 520.000 530.000 540.000 550.000 560.000 570.000 580.000 590.000 600.000 610.000 620.000 630.000 632.653
0.040 0.040 0.040 0.040 0.039 0.038 0.037 0.036 0.035 0.033 0.031 0.029 0.026 0.023 0.023 0.000 0.019 0.015 0.011 0.008 0.004 0.001 0.000 0.000 nan 0.000 0.000 0.001 0.001 0.002 0.002 0.003 0.003 0.003 0.003 0.002 0.002 0.001 0.000 0.000
BCC_B2#2
874.145 880.000 890.000 900.000 910.000 920.000 922.819 922.819 930.000 931.542
0.000 0.001 0.003 0.005 0.007 0.009 0.009 0.009 0.002 0.000
