22 23 42 13
0.319 0.417 0.139 0.125
ALTI3_D019
300.000 302.900 312.900 322.900 332.900 342.900 352.900 362.900 372.900 382.900 392.900 402.900 412.900 422.900 432.900 442.900 452.900 453.100 453.100 453.200 453.300 453.400 453.500 453.600 453.700 453.800 453.900 454.000 454.100 454.200 454.300 454.400 454.500 454.600 454.700 454.800 454.900 455.000 455.100 455.200 455.300 455.400 455.500 455.600 455.700 455.800 455.900 456.000 456.100 456.200 456.300 456.400 456.500 456.600 456.700 456.800 456.900 457.000 457.100 457.200 457.300 457.400 457.500 457.600 457.700 457.800 457.900 458.000 458.100 458.200 458.300 458.400 458.500 458.600 458.700 458.800 458.900 459.000 459.100 459.200 459.300 459.400 459.500 459.600 459.700 459.800 459.900 460.000 470.000 480.000 490.000 500.000 510.000 520.000 530.000 540.000 550.000 550.000 560.000 570.000 580.000 590.000 600.000 610.000 620.000 630.000 640.000 650.000 660.000 670.000 680.000 690.000 700.000 710.000 720.000 722.996 722.996 730.000 740.000 750.000 760.000 770.000 780.000 790.000 800.000 809.892 810.000 820.000 821.549
0.322 0.322 0.322 0.321 0.321 0.321 0.321 0.392 0.320 0.319 0.319 0.318 0.317 0.316 0.315 0.313 0.310 0.310 0.310 0.310 0.310 0.310 0.310 0.310 0.310 0.310 0.310 0.310 0.310 0.310 0.310 0.310 0.310 0.310 0.310 0.310 0.309 0.309 0.309 0.309 0.309 0.309 0.309 0.309 0.309 0.309 0.309 0.309 0.309 0.309 0.309 0.309 0.309 0.309 0.309 0.309 0.309 0.309 0.309 0.309 0.309 0.309 0.309 0.309 0.309 0.308 0.308 0.308 0.308 0.308 0.308 0.308 0.308 0.308 0.308 0.308 0.308 0.308 0.308 0.308 0.308 0.308 0.308 0.308 0.308 0.308 0.308 0.308 0.303 0.296 0.287 0.278 0.267 0.258 0.249 0.240 0.232 0.232 0.225 0.218 0.211 0.205 0.199 0.193 0.187 0.181 0.176 0.170 0.165 0.160 0.155 0.150 0.145 0.140 0.135 0.133 0.133 0.125 0.114 0.102 0.089 0.075 0.061 0.045 0.028 0.010 0.010 0.001 0.000
BCC_B2
300.000 302.900 312.900 322.900 332.900 342.900 352.900 362.900 372.900 382.900 392.900 402.900 412.900 422.900 432.900 442.900 452.900 453.100 453.100 453.200 453.300 453.400 453.500 453.600 453.700 453.800 453.900 454.000 454.100 454.200 454.300 454.400 454.500 454.600 454.700 454.800 454.900 455.000 455.100 455.200 455.300 455.400 455.500 455.600 455.700 455.800 455.900 456.000 456.100 456.200 456.300 456.400 456.500 456.600 456.700 456.800 456.900 457.000 457.100 457.200 457.300 457.400 457.500 457.600 457.700 457.800 457.900 458.000 458.100 458.200 458.300 458.400 458.500 458.600 458.700 458.800 458.900 459.000 459.100 459.200 459.300 459.400 459.500 459.600 459.700 459.800 459.900 460.000 470.000 480.000 490.000 500.000 510.000 520.000 530.000 540.000 550.000 550.000 560.000 570.000 580.000 590.000 600.000 610.000 620.000 630.000 640.000 650.000 660.000 670.000 680.000 690.000 700.000 710.000 720.000 722.996 722.996 730.000 740.000 750.000 760.000 770.000 780.000 790.000 800.000 809.892 810.000 820.000 821.549 830.000 840.000 850.000 860.000 870.000 880.000 890.000 900.000 910.000 920.000 930.000 940.000 950.000 960.000 970.000 980.000 990.000 1000.000 1010.000 1020.000 1030.000 1040.000 1050.000 1054.126 1054.126 1060.000 1070.000 1080.000 1090.000 1100.000 1110.000 1120.000 1130.000 1140.000 1150.000 1160.000 1170.000 1180.000 1190.000 1200.000 1210.000 1220.000 1230.000 1240.000 1250.000 1260.000 1270.000 1280.000 1290.000 1300.000 1310.000 1320.000 1330.000 1340.000 1350.000 1360.000 1370.000 1380.000 1390.000 1400.000
0.548 0.548 0.548 0.548 0.549 0.549 0.550 0.608 0.551 0.553 0.554 0.556 0.558 0.561 0.564 0.569 0.574 0.574 0.574 0.574 0.574 0.574 0.574 0.574 0.574 0.574 0.574 0.574 0.574 0.574 0.574 0.575 0.575 0.575 0.575 0.575 0.575 0.575 0.575 0.575 0.575 0.575 0.575 0.575 0.575 0.575 0.575 0.575 0.576 0.576 0.576 0.576 0.576 0.576 0.576 0.576 0.576 0.576 0.576 0.576 0.576 0.576 0.576 0.576 0.577 0.577 0.577 0.577 0.577 0.577 0.577 0.577 0.577 0.577 0.577 0.577 0.577 0.577 0.577 0.578 0.578 0.578 0.578 0.578 0.578 0.578 0.578 0.578 0.586 0.595 0.605 0.615 0.625 0.634 0.642 0.649 0.656 0.656 0.663 0.669 0.676 0.682 0.688 0.694 0.700 0.706 0.713 0.719 0.725 0.731 0.738 0.744 0.751 0.758 0.765 0.767 0.767 0.767 0.767 0.767 0.768 0.768 0.768 0.769 0.769 0.770 0.770 0.774 0.775 0.782 0.789 0.797 0.806 0.814 0.822 0.831 0.840 0.849 0.858 0.867 0.876 0.886 0.896 0.906 0.916 0.926 0.937 0.948 0.959 0.971 0.983 0.995 1.000 1.000 1.000 1.000 1.000 1.000 1.000 1.000 1.000 1.000 1.000 1.000 1.000 1.000 1.000 1.000 1.000 1.000 1.000 1.000 1.000 1.000 1.000 1.000 1.000 1.000 1.000 1.000 1.000 1.000 1.000 1.000 1.000 1.000 1.000 1.000 1.000
CR3SI_A15
300.000 302.900 312.900 322.900 332.900 342.900 352.900 362.900 372.900 382.900 392.900 402.900 412.900 422.900 432.900 442.900 452.900 453.100 453.100 453.200 453.300 453.400 453.500 453.600 453.700 453.800 453.900 454.000 454.100 454.200 454.300 454.400 454.500 454.600 454.700 454.800 454.900 455.000 455.100 455.200 455.300 455.400 455.500 455.600 455.700 455.800 455.900 456.000 456.100 456.200 456.300 456.400 456.500 456.600 456.700 456.800 456.900 457.000 457.100 457.200 457.300 457.400 457.500 457.600 457.700 457.800 457.900 458.000 458.100 458.200 458.300 458.400 458.500 458.600 458.700 458.800 458.900 459.000 459.100 459.200 459.300 459.400 459.500 459.600 459.700 459.800 459.900 460.000 470.000 480.000 490.000 500.000 510.000 520.000 530.000 540.000 550.000 550.000 560.000 570.000 580.000 590.000 600.000 610.000 620.000 630.000 640.000 650.000 660.000 670.000 680.000 690.000 700.000 710.000 720.000 722.996 722.996 730.000 740.000 750.000 760.000 770.000 780.000 790.000 800.000 809.892
0.130 0.130 0.130 0.130 0.130 0.130 0.130 0.000 0.129 0.128 0.127 0.126 0.125 0.123 0.121 0.119 0.116 0.116 0.116 0.116 0.116 0.116 0.116 0.116 0.116 0.116 0.116 0.116 0.116 0.116 0.116 0.116 0.116 0.116 0.116 0.116 0.116 0.116 0.116 0.116 0.116 0.116 0.116 0.116 0.115 0.115 0.115 0.115 0.115 0.115 0.115 0.115 0.115 0.115 0.115 0.115 0.115 0.115 0.115 0.115 0.115 0.115 0.115 0.115 0.115 0.115 0.115 0.115 0.115 0.115 0.115 0.115 0.115 0.115 0.115 0.115 0.115 0.115 0.115 0.115 0.115 0.114 0.114 0.114 0.114 0.114 0.114 0.114 0.112 0.109 0.108 0.107 0.108 0.109 0.110 0.111 0.112 0.112 0.112 0.113 0.113 0.113 0.113 0.113 0.113 0.112 0.112 0.111 0.110 0.109 0.107 0.106 0.104 0.103 0.101 0.100 0.100 0.095 0.087 0.078 0.068 0.057 0.045 0.032 0.017 0.000
BCC_B2#2
722.996 730.000 740.000 750.000 760.000 770.000 780.000 790.000 800.000 809.892 810.000 820.000 821.549 830.000 840.000 850.000 860.000 870.000 880.000 890.000 900.000 910.000 920.000 930.000 940.000 950.000 960.000 970.000 980.000 990.000 1000.000 1010.000 1020.000 1030.000 1040.000 1050.000 1054.126
0.000 0.013 0.032 0.053 0.076 0.100 0.126 0.154 0.186 0.220 0.220 0.224 0.225 0.218 0.211 0.203 0.194 0.186 0.178 0.169 0.160 0.151 0.142 0.133 0.124 0.114 0.104 0.094 0.084 0.074 0.063 0.052 0.041 0.029 0.017 0.005 0.000
