22 23 42 13
0.292 0.444 0.139 0.125
ALTI3_D019
300.000 308.900 318.900 328.900 338.900 348.900 358.900 368.900 378.900 388.900 398.900 408.900 418.900 428.900 429.000 439.000 439.100 439.200 439.300 439.400 439.500 439.600 439.700 439.800 439.900 440.000 450.000 460.000 470.000 480.000 490.000 500.000 510.000 510.000 520.000 530.000 540.000 550.000 560.000 570.000 580.000 590.000 600.000 610.000 620.000 630.000 640.000 650.000 660.000 670.000 680.000 690.000 700.000 710.000 720.000 730.000 740.000 750.000 760.000 770.000 780.000 780.542 780.542 790.000 800.000 810.000 820.000 826.214
0.285 0.285 0.285 0.285 0.285 0.284 0.284 0.284 0.284 0.284 0.283 0.283 0.282 0.280 0.280 0.278 0.278 0.278 0.278 0.278 0.278 0.278 0.278 0.278 0.278 0.278 0.275 0.270 0.264 0.257 0.248 0.239 0.230 0.230 0.222 0.214 0.206 0.199 0.192 0.186 0.180 0.174 0.168 0.162 0.157 0.152 0.146 0.141 0.136 0.131 0.126 0.121 0.116 0.112 0.107 0.102 0.097 0.092 0.087 0.082 0.078 0.077 0.077 0.064 0.048 0.031 0.013 0.000
BCC_B2
300.000 308.900 318.900 328.900 338.900 348.900 358.900 368.900 378.900 388.900 398.900 408.900 418.900 428.900 429.000 439.000 439.100 439.200 439.300 439.400 439.500 439.600 439.700 439.800 439.900 440.000 450.000 460.000 470.000 480.000 490.000 500.000 510.000 510.000 520.000 530.000 540.000 550.000 560.000 570.000 580.000 590.000 600.000 610.000 620.000 630.000 640.000 650.000 660.000 670.000 680.000 690.000 700.000 710.000 720.000 730.000 740.000 750.000 760.000 770.000 780.000 780.542 780.542 790.000 800.000 810.000 820.000 826.214 830.000 840.000 850.000 860.000 870.000 880.000 890.000 900.000 909.280 909.280 910.000 920.000 930.000 940.000 950.000 960.000 970.000 980.000 990.000 1000.000 1010.000 1011.957 1011.957 1020.000 1030.000 1040.000 1050.000 1060.000 1070.000 1080.000 1090.000 1100.000 1110.000 1120.000 1130.000 1140.000 1150.000 1160.000 1170.000 1180.000 1190.000 1200.000 1210.000 1220.000 1230.000 1240.000 1250.000 1260.000 1270.000 1280.000 1290.000 1300.000 1310.000 1320.000 1330.000 1340.000 1350.000 1360.000 1370.000 1380.000 1390.000 1400.000
0.527 0.528 0.529 0.530 0.532 0.533 0.535 0.538 0.540 0.543 0.547 0.551 0.555 0.560 0.560 0.566 0.566 0.566 0.566 0.566 0.566 0.566 0.566 0.567 0.567 0.567 0.574 0.582 0.592 0.603 0.613 0.623 0.632 0.632 0.641 0.648 0.655 0.662 0.669 0.676 0.682 0.688 0.695 0.701 0.707 0.713 0.720 0.726 0.732 0.739 0.745 0.752 0.759 0.765 0.772 0.779 0.787 0.794 0.801 0.809 0.817 0.817 0.817 0.818 0.818 0.818 0.819 0.819 0.822 0.831 0.840 0.848 0.857 0.867 0.876 0.885 0.894 0.894 0.895 0.904 0.914 0.924 0.934 0.944 0.954 0.965 0.975 0.986 0.998 1.000 1.000 1.000 1.000 1.000 1.000 1.000 1.000 1.000 1.000 1.000 1.000 1.000 1.000 1.000 1.000 1.000 1.000 1.000 1.000 1.000 1.000 1.000 1.000 1.000 1.000 1.000 1.000 1.000 1.000 1.000 1.000 1.000 1.000 1.000 1.000 1.000 1.000 1.000 1.000 1.000
CR3SI_A15
300.000 308.900 318.900 328.900 338.900 348.900 358.900 368.900 378.900 388.900 398.900 408.900 418.900 428.900 429.000 439.000 439.100 439.200 439.300 439.400 439.500 439.600 439.700 439.800 439.900 440.000 450.000 460.000 470.000 480.000 490.000 500.000 510.000 510.000 520.000 530.000 540.000 550.000 560.000 570.000 580.000 590.000 600.000 610.000 620.000 630.000 640.000 650.000 660.000 670.000 680.000 690.000 700.000 710.000 720.000 730.000 740.000 750.000 760.000 770.000 780.000 780.542 780.542 790.000 800.000 810.000 820.000 826.214 830.000 840.000 850.000 860.000 870.000 880.000 890.000 900.000 909.280
0.188 0.187 0.186 0.185 0.184 0.182 0.180 0.178 0.176 0.173 0.170 0.167 0.163 0.160 0.160 0.156 0.156 0.156 0.156 0.156 0.156 0.156 0.156 0.155 0.155 0.155 0.151 0.147 0.143 0.141 0.139 0.138 0.138 0.138 0.138 0.138 0.138 0.138 0.139 0.138 0.138 0.138 0.137 0.137 0.136 0.135 0.134 0.133 0.131 0.130 0.128 0.127 0.125 0.123 0.121 0.119 0.116 0.114 0.111 0.108 0.105 0.105 0.105 0.094 0.080 0.065 0.048 0.037 0.035 0.031 0.027 0.023 0.018 0.014 0.009 0.005 0.000
BCC_B2#2
780.542 790.000 800.000 810.000 820.000 826.214 830.000 840.000 850.000 860.000 870.000 880.000 890.000 900.000 909.280 909.280 910.000 920.000 930.000 940.000 950.000 960.000 970.000 980.000 990.000 1000.000 1010.000 1011.957
0.000 0.025 0.053 0.085 0.120 0.144 0.143 0.138 0.133 0.129 0.124 0.120 0.115 0.110 0.106 0.106 0.105 0.096 0.086 0.076 0.066 0.056 0.046 0.035 0.025 0.014 0.002 0.000
