22 23 42 13
0.347 0.444 0.097 0.111
ALTI3_D019
300.000 302.000 304.000 306.000 308.000 310.000 312.000 314.000 316.000 318.000 320.000 322.000 324.000 326.000 328.000 330.000 332.000 334.000 336.000 338.000 340.000 342.000 344.000 346.000 348.000 350.000 352.000 354.000 356.000 358.000 360.000 362.000 364.000 366.000 368.000 370.000 372.000 374.000 376.000 378.000 380.000 382.000 384.000 386.000 388.000 390.000 392.000 394.000 396.000 398.000 400.000 402.000 404.000 406.000 408.000 410.000 412.000 414.000 416.000 418.000 420.000 422.000 424.000 426.000 428.000 430.000 432.000 434.000 436.000 438.000 440.000 450.000 460.000 470.000 480.000 490.000 500.000 510.000 520.000 530.000 540.000 550.000 560.000 570.000 580.000 590.000 600.000 610.000 620.000 630.000 640.000 650.000 660.000 670.000 680.000 690.000 700.000 710.000 720.000 730.000 740.000 750.000 760.000 770.000 780.000 790.000 800.000 800.689 800.689 810.000 820.000 830.000 840.000 850.000 860.000 870.000 880.000 890.000 900.000 910.000 920.000 930.000 940.000 942.874
0.380 0.380 0.380 0.379 0.379 0.379 0.379 0.379 0.379 0.379 0.379 0.379 0.379 0.379 0.379 0.379 0.379 0.379 0.379 0.379 0.378 0.378 0.378 0.378 0.378 0.378 0.378 0.378 0.378 0.378 0.378 0.378 0.377 0.377 0.377 0.377 0.377 0.377 0.377 0.377 0.377 0.376 0.376 0.376 0.376 0.376 0.376 0.376 0.375 0.375 0.375 0.375 0.375 0.375 0.374 0.374 0.374 0.374 0.373 0.537 0.373 0.373 0.372 0.372 0.372 0.371 0.371 0.371 0.370 0.542 0.369 0.367 0.363 0.358 0.350 0.339 0.326 0.313 0.301 0.291 0.281 0.272 0.264 0.256 0.249 0.242 0.235 0.228 0.221 0.214 0.208 0.202 0.195 0.189 0.183 0.177 0.171 0.165 0.158 0.152 0.146 0.140 0.134 0.128 0.122 0.115 0.109 0.109 0.109 0.102 0.094 0.086 0.079 0.071 0.064 0.056 0.049 0.041 0.034 0.026 0.018 0.010 0.002 0.000
BCC_B2
300.000 302.000 304.000 306.000 308.000 310.000 312.000 314.000 316.000 318.000 320.000 322.000 324.000 326.000 328.000 330.000 332.000 334.000 336.000 338.000 340.000 342.000 344.000 346.000 348.000 350.000 352.000 354.000 356.000 358.000 360.000 362.000 364.000 366.000 368.000 370.000 372.000 374.000 376.000 378.000 380.000 382.000 384.000 386.000 388.000 390.000 392.000 394.000 396.000 398.000 400.000 402.000 404.000 406.000 408.000 410.000 412.000 414.000 416.000 418.000 420.000 422.000 424.000 426.000 428.000 430.000 432.000 434.000 436.000 438.000 440.000 450.000 460.000 470.000 480.000 490.000 500.000 510.000 520.000 530.000 540.000 550.000 560.000 570.000 580.000 590.000 600.000 610.000 620.000 630.000 640.000 650.000 660.000 670.000 680.000 690.000 700.000 710.000 720.000 730.000 740.000 750.000 760.000 770.000 780.000 790.000 800.000 800.689 800.689 810.000 820.000 830.000 840.000 850.000 860.000 870.000 880.000 890.000 900.000 910.000 920.000 930.000 940.000 942.874 942.874 950.000 960.000 970.000 970.194 970.194 980.000 990.000 1000.000 1010.000 1020.000 1030.000 1040.000 1050.000 1060.000 1070.000 1080.000 1090.000 1100.000 1110.000 1120.000 1130.000 1140.000 1150.000 1160.000 1170.000 1180.000 1190.000 1200.000 1210.000 1220.000 1230.000 1240.000 1250.000 1260.000 1270.000 1280.000 1290.000 1300.000 1310.000 1320.000 1330.000 1340.000 1350.000 1360.000 1370.000 1380.000 1390.000 1400.000
0.620 0.620 0.620 0.621 0.621 0.621 0.621 0.621 0.621 0.621 0.621 0.621 0.621 0.621 0.621 0.621 0.621 0.621 0.621 0.621 0.622 0.622 0.622 0.622 0.622 0.622 0.622 0.622 0.622 0.622 0.622 0.622 0.623 0.623 0.623 0.623 0.623 0.623 0.623 0.623 0.623 0.624 0.624 0.624 0.624 0.624 0.624 0.624 0.625 0.625 0.625 0.625 0.625 0.625 0.626 0.626 0.626 0.626 0.627 0.463 0.627 0.627 0.628 0.628 0.628 0.629 0.629 0.629 0.630 0.458 0.631 0.633 0.637 0.642 0.650 0.661 0.674 0.687 0.699 0.709 0.719 0.728 0.736 0.744 0.751 0.758 0.765 0.772 0.779 0.786 0.792 0.798 0.805 0.811 0.817 0.823 0.829 0.835 0.842 0.848 0.854 0.860 0.866 0.872 0.878 0.885 0.891 0.891 0.891 0.896 0.900 0.905 0.910 0.916 0.921 0.926 0.932 0.938 0.943 0.949 0.956 0.962 0.968 0.970 0.970 0.978 0.989 1.000 1.000 1.000 1.000 1.000 1.000 1.000 1.000 1.000 1.000 1.000 1.000 1.000 1.000 1.000 1.000 1.000 1.000 1.000 1.000 1.000 1.000 1.000 1.000 1.000 1.000 1.000 1.000 1.000 1.000 1.000 1.000 1.000 1.000 1.000 1.000 1.000 1.000 1.000 1.000 1.000 1.000 1.000 1.000 1.000 1.000
BCC_B2#2
800.689 810.000 820.000 830.000 840.000 850.000 860.000 870.000 880.000 890.000 900.000 910.000 920.000 930.000 940.000 942.874 942.874 950.000 960.000 970.000 970.194
0.000 0.003 0.006 0.008 0.011 0.013 0.015 0.017 0.019 0.021 0.023 0.025 0.026 0.028 0.030 0.030 0.030 0.022 0.011 0.000 0.000
