22 23 42 13
0.375 0.417 0.097 0.111
ALTI3_D019
300.000 302.895 312.895 322.895 332.895 342.895 352.895 362.895 372.895 382.895 392.895 402.895 412.895 422.895 432.895 442.895 452.895 462.895 464.473 464.997 467.300 467.300 467.400 467.500 467.600 467.700 467.800 467.900 468.000 468.100 468.200 468.300 468.400 468.500 468.600 468.700 468.800 468.900 469.000 469.100 469.200 469.300 469.400 469.500 469.600 469.700 469.800 469.900 470.000 470.100 470.200 470.300 470.400 470.500 470.600 470.700 470.800 470.900 471.000 471.100 471.200 471.300 471.400 471.500 471.600 471.700 471.800 471.900 472.000 472.100 472.200 472.300 472.400 472.500 472.600 472.700 472.800 472.900 473.000 473.100 473.200 473.300 473.400 473.500 473.600 473.700 473.800 473.900 474.000 484.000 494.000 504.000 514.000 524.000 534.000 544.000 554.000 564.000 564.000 574.000 584.000 594.000 604.000 614.000 624.000 634.000 644.000 654.000 664.000 674.000 684.000 694.000 704.000 714.000 724.000 734.000 736.340 736.340 738.000 740.000 750.000 760.000 770.000 780.000 790.000 800.000 810.000 820.000 830.000 840.000 850.000 860.000 870.000 880.000 890.000 900.000 910.000 920.000 930.000 940.000 950.000 955.690
0.405 0.405 0.405 0.404 0.404 0.403 0.403 0.402 0.401 0.400 0.400 0.399 0.397 0.396 0.394 0.393 0.390 0.387 0.386 0.386 0.385 0.385 0.385 0.385 0.384 0.384 0.384 0.384 0.384 0.384 0.384 0.384 0.384 0.384 0.384 0.384 0.384 0.384 0.384 0.384 0.384 0.384 0.384 0.384 0.383 0.383 0.383 0.383 0.383 0.383 0.383 0.383 0.383 0.383 0.383 0.383 0.383 0.383 0.383 0.383 0.383 0.383 0.382 0.382 0.382 0.382 0.382 0.382 0.382 0.382 0.382 0.382 0.382 0.382 0.382 0.382 0.382 0.382 0.382 0.381 0.381 0.381 0.381 0.381 0.381 0.381 0.381 0.381 0.381 0.373 0.361 0.346 0.332 0.320 0.309 0.300 0.290 0.282 0.282 0.274 0.266 0.258 0.251 0.244 0.237 0.231 0.224 0.217 0.211 0.205 0.198 0.192 0.186 0.179 0.173 0.167 0.166 0.166 0.164 0.163 0.155 0.147 0.140 0.132 0.125 0.117 0.110 0.103 0.095 0.088 0.081 0.073 0.066 0.058 0.051 0.043 0.036 0.028 0.020 0.012 0.005 0.000
BCC_B2
300.000 302.895 312.895 322.895 332.895 342.895 352.895 362.895 372.895 382.895 392.895 402.895 412.895 422.895 432.895 442.895 452.895 462.895 464.473 464.997 467.300 467.300 467.400 467.500 467.600 467.700 467.800 467.900 468.000 468.100 468.200 468.300 468.400 468.500 468.600 468.700 468.800 468.900 469.000 469.100 469.200 469.300 469.400 469.500 469.600 469.700 469.800 469.900 470.000 470.100 470.200 470.300 470.400 470.500 470.600 470.700 470.800 470.900 471.000 471.100 471.200 471.300 471.400 471.500 471.600 471.700 471.800 471.900 472.000 472.100 472.200 472.300 472.400 472.500 472.600 472.700 472.800 472.900 473.000 473.100 473.200 473.300 473.400 473.500 473.600 473.700 473.800 473.900 474.000 484.000 494.000 504.000 514.000 524.000 534.000 544.000 554.000 564.000 564.000 574.000 584.000 594.000 604.000 614.000 624.000 634.000 644.000 654.000 664.000 674.000 684.000 694.000 704.000 714.000 724.000 734.000 736.340 736.340 738.000 740.000 750.000 760.000 770.000 780.000 790.000 800.000 810.000 820.000 830.000 840.000 850.000 860.000 870.000 880.000 890.000 900.000 910.000 920.000 930.000 940.000 950.000 955.690 955.690 960.000 970.000 980.000 990.000 999.260 999.260 1000.000 1010.000 1020.000 1030.000 1040.000 1050.000 1060.000 1070.000 1080.000 1090.000 1100.000 1110.000 1120.000 1130.000 1140.000 1150.000 1160.000 1170.000 1180.000 1190.000 1200.000 1210.000 1220.000 1230.000 1240.000 1250.000 1260.000 1270.000 1280.000 1290.000 1300.000 1310.000 1320.000 1330.000 1340.000 1350.000 1360.000 1370.000 1380.000 1390.000 1400.000
0.595 0.595 0.595 0.596 0.596 0.597 0.597 0.598 0.599 0.600 0.600 0.601 0.603 0.604 0.606 0.607 0.610 0.613 0.614 0.614 0.615 0.615 0.615 0.615 0.616 0.616 0.616 0.616 0.616 0.616 0.616 0.616 0.616 0.616 0.616 0.616 0.616 0.616 0.616 0.616 0.616 0.616 0.616 0.616 0.617 0.617 0.617 0.617 0.617 0.617 0.617 0.617 0.617 0.617 0.617 0.617 0.617 0.617 0.617 0.617 0.617 0.617 0.618 0.618 0.618 0.618 0.618 0.618 0.618 0.618 0.618 0.618 0.618 0.618 0.618 0.618 0.618 0.618 0.618 0.619 0.619 0.619 0.619 0.619 0.619 0.619 0.619 0.619 0.619 0.627 0.639 0.654 0.668 0.680 0.691 0.700 0.710 0.718 0.718 0.726 0.734 0.742 0.749 0.756 0.763 0.769 0.776 0.783 0.789 0.795 0.802 0.808 0.814 0.821 0.827 0.833 0.834 0.834 0.835 0.836 0.840 0.844 0.848 0.852 0.857 0.861 0.866 0.871 0.876 0.881 0.886 0.892 0.897 0.903 0.908 0.914 0.920 0.926 0.932 0.939 0.945 0.949 0.949 0.954 0.965 0.977 0.989 1.000 1.000 1.000 1.000 1.000 1.000 1.000 1.000 1.000 1.000 1.000 1.000 1.000 1.000 1.000 1.000 1.000 1.000 1.000 1.000 1.000 1.000 1.000 1.000 1.000 1.000 1.000 1.000 1.000 1.000 1.000 1.000 1.000 1.000 1.000 1.000 1.000 1.000 1.000 1.000 1.000 1.000 1.000
BCC_B2#2
464.473 464.997 nan 736.340 738.000 740.000 750.000 760.000 770.000 780.000 790.000 800.000 810.000 820.000 830.000 840.000 850.000 860.000 870.000 880.000 890.000 900.000 910.000 920.000 930.000 940.000 950.000 955.690 955.690 960.000 970.000 980.000 990.000 999.260
0.000 0.000 nan 0.000 0.001 0.001 0.005 0.009 0.012 0.016 0.019 0.021 0.024 0.026 0.029 0.031 0.033 0.035 0.037 0.039 0.041 0.042 0.044 0.046 0.047 0.049 0.050 0.051 0.051 0.046 0.035 0.023 0.011 0.000
