22 40 23 24
0.472 0.014 0.403 0.111
BCC_B2#2
700.000 706.000 716.000 718.000 nan 718.000 720.000 730.000 740.000 750.000 760.000 770.000 780.000 790.000 790.018 790.018 799.789
0.619 0.623 0.630 0.631 nan 0.666 0.000 0.641 0.649 0.660 0.672 0.686 0.704 0.730 0.730 0.730 0.000
C15_LAVES#2
700.000 706.000 716.000 718.000
0.053 0.053 0.053 0.053
HCP_A3
700.000 706.000 716.000 718.000 nan 718.000 720.000 730.000 740.000 750.000 760.000 770.000 780.000 790.000 790.018 790.018 799.789 800.000 810.000 820.000 830.000 832.236 832.236
0.328 0.325 0.318 0.316 nan 0.334 0.707 0.307 0.298 0.289 0.277 0.263 0.245 0.219 0.219 0.219 0.174 0.174 0.133 0.082 0.017 0.000 0.000
C15_LAVES
718.000 720.000 730.000 740.000 750.000 760.000 770.000 780.000 790.000 790.018 790.018 799.789 800.000 810.000 820.000 830.000 832.236 832.236 840.000 850.000 860.000 870.000 880.000 890.000 900.000 910.000 920.000 930.000 940.000 950.000 960.000 970.000 980.000 990.000 1000.000 1010.000 1020.000 1022.210
0.000 0.293 0.052 0.052 0.052 0.052 0.051 0.051 0.051 0.051 0.051 0.051 0.051 0.051 0.050 0.050 0.049 0.049 0.049 0.048 0.047 0.045 0.044 0.042 0.040 0.038 0.036 0.034 0.031 0.028 0.025 0.022 0.018 0.014 0.010 0.006 0.001 0.000
BCC_B2
790.018 799.789 800.000 810.000 820.000 830.000 832.236 832.236 840.000 850.000 860.000 870.000 880.000 890.000 900.000 910.000 920.000 930.000 940.000 950.000 960.000 970.000 980.000 990.000 1000.000 1010.000 1020.000 1022.210 1022.210 1030.000 1040.000 1050.000 1060.000 1070.000 1080.000 1090.000 1100.000 1110.000 1120.000 1130.000 1140.000 1150.000 1160.000 1170.000 1180.000 1190.000 1200.000
0.000 0.774 0.775 0.816 0.867 0.933 0.951 0.951 0.951 0.952 0.953 0.955 0.956 0.958 0.960 0.962 0.964 0.966 0.969 0.972 0.975 0.978 0.982 0.986 0.990 0.994 0.999 1.000 1.000 1.000 1.000 1.000 1.000 1.000 1.000 1.000 1.000 1.000 1.000 1.000 1.000 1.000 1.000 1.000 1.000 1.000 1.000
