22 72 23 13
0.306 0.014 0.542 0.139
C15_LAVES
300.000 310.000 320.000 330.000 340.000 341.240 350.000 360.000 370.000 380.000 390.000 400.000 410.000 420.000 430.000 440.000 450.000 460.000 470.000 480.000 490.000 500.000 510.000 520.000 530.000 540.000 550.000 560.000 570.000 580.000 590.000 600.000 610.000 620.000 630.000 640.000 650.000 660.000 670.000 680.000 690.000 700.000 710.000 720.000 730.000 740.000 747.580 747.580 750.000 760.000 765.048 nan 765.048 770.000 780.000 790.000 800.000 803.151 nan 765.048 765.048
0.039 0.049 0.059 0.069 0.080 0.081 0.081 0.081 0.081 0.081 0.081 0.081 0.081 0.081 0.081 0.081 0.081 0.081 0.081 0.081 0.081 0.081 0.081 0.081 0.081 0.081 0.081 0.081 0.081 0.081 0.081 0.081 0.080 0.080 0.080 0.080 0.080 0.079 0.079 0.078 0.078 0.077 0.077 0.076 0.075 0.074 0.073 0.073 0.071 0.062 0.057 nan 0.055 0.049 0.036 0.021 0.005 0.000 nan 0.055 0.057
ALTI3_D019
300.000 310.000 320.000 330.000 340.000 341.240 350.000 360.000 370.000 380.000 390.000 400.000 410.000 420.000 430.000 440.000 450.000 460.000 470.000 480.000 490.000 500.000 510.000 520.000 530.000 540.000 550.000 560.000 570.000 580.000 590.000 600.000 610.000 620.000 630.000 640.000 650.000 660.000 670.000 680.000 690.000 700.000 710.000 720.000 730.000 740.000 747.580 747.580 750.000 760.000 765.048 nan 765.048 770.000 780.000 790.000 800.000 803.151 810.000 820.000 830.000 840.000 850.000 860.000 870.000 880.000 890.000 900.000 910.000 920.000 930.000 940.000 950.000 960.000 965.081 967.827 967.827 970.000 980.000 990.000 1000.000 1010.000 1014.966 1014.966 1020.000 1030.000 1040.000 1050.000 1060.000 1070.000 1074.723 nan 765.048 765.048
0.358 0.357 0.355 0.354 0.352 0.351 0.350 0.347 0.344 0.341 0.338 0.335 0.331 0.327 0.323 0.319 0.315 0.311 0.307 0.302 0.298 0.294 0.290 0.286 0.282 0.278 0.274 0.270 0.267 0.263 0.259 0.255 0.251 0.247 0.243 0.239 0.235 0.231 0.227 0.223 0.219 0.215 0.210 0.206 0.202 0.197 0.194 0.194 0.192 0.184 0.180 nan 0.180 0.175 0.166 0.156 0.145 0.141 0.138 0.133 0.128 0.124 0.119 0.114 0.110 0.105 0.100 0.095 0.090 0.085 0.080 0.075 0.070 0.065 0.062 0.061 0.061 0.059 0.054 0.049 0.044 0.039 0.036 0.036 0.033 0.027 0.021 0.015 0.009 0.003 0.000 nan 0.180 0.180
BCC_B2
300.000 310.000 320.000 330.000 340.000 341.240 350.000 360.000 370.000 380.000 390.000 400.000 410.000 420.000 430.000 440.000 450.000 460.000 470.000 480.000 490.000 500.000 510.000 520.000 530.000 540.000 550.000 560.000 570.000 580.000 590.000 600.000 610.000 620.000 630.000 640.000 650.000 660.000 670.000 680.000 690.000 700.000 710.000 720.000 730.000 740.000 747.580 747.580 750.000 760.000 765.048 nan 765.048 770.000 780.000 790.000 800.000 803.151 810.000 820.000 830.000 840.000 850.000 860.000 870.000 880.000 890.000 900.000 910.000 920.000 930.000 940.000 950.000 960.000 965.081 967.827 967.827 970.000 980.000 990.000 1000.000 1010.000 1014.966 1014.966 1020.000 1030.000 1040.000 1050.000 1060.000 1070.000 1074.723 1074.723 1080.000 1090.000 1100.000 1110.000 1120.000 1130.000 1140.000 1150.000 1160.000 1170.000 1180.000 1190.000 1200.000 1210.000 1220.000 1230.000 1240.000 1250.000 1260.000 1270.000 1280.000 1290.000 1300.000 1310.000 1320.000 1330.000 1340.000 1350.000 1360.000 1370.000 1380.000 1390.000 1400.000 nan 765.048 765.048
0.573 0.572 0.570 0.569 0.568 0.568 0.570 0.572 0.575 0.578 0.581 0.584 0.588 0.592 0.596 0.600 0.604 0.608 0.612 0.617 0.621 0.625 0.629 0.633 0.637 0.641 0.645 0.649 0.653 0.657 0.661 0.665 0.669 0.673 0.677 0.681 0.685 0.690 0.694 0.698 0.703 0.708 0.713 0.718 0.723 0.729 0.733 0.733 0.736 0.747 0.753 nan 0.754 0.761 0.776 0.792 0.809 0.815 0.819 0.825 0.831 0.837 0.843 0.849 0.856 0.862 0.869 0.876 0.883 0.890 0.897 0.904 0.912 0.919 0.923 0.926 0.926 0.928 0.936 0.943 0.952 0.960 0.964 0.964 0.967 0.973 0.979 0.985 0.991 0.997 1.000 1.000 1.000 1.000 1.000 1.000 1.000 1.000 1.000 1.000 1.000 1.000 1.000 1.000 1.000 1.000 1.000 1.000 1.000 1.000 1.000 1.000 1.000 1.000 1.000 1.000 1.000 1.000 1.000 1.000 1.000 1.000 1.000 1.000 1.000 nan 0.754 0.753
AL3ZR4
300.000 310.000 320.000 330.000 340.000 341.240 nan 747.580 750.000 760.000 765.048 nan 765.048 765.048 nan 965.081 967.827 967.827 970.000 980.000 990.000 1000.000 1010.000 1014.966
0.030 0.023 0.015 0.008 0.001 0.000 nan 0.000 0.001 0.007 0.010 nan 0.000 0.010 nan 0.000 0.013 0.013 0.013 0.010 0.007 0.005 0.002 0.000
AL2ZR3
765.048 770.000 780.000 790.000 800.000 803.151 810.000 820.000 830.000 840.000 850.000 860.000 870.000 880.000 890.000 900.000 910.000 920.000 930.000 940.000 950.000 960.000 965.081 967.827 nan 765.048 765.048
0.011 0.015 0.023 0.031 0.041 0.044 0.043 0.042 0.041 0.039 0.038 0.036 0.035 0.033 0.031 0.029 0.027 0.025 0.023 0.021 0.018 0.016 0.014 0.000 nan 0.011 0.000
