22 72 23 13
0.333 0.028 0.528 0.111
C15_LAVES
300.000 302.100 312.100 322.100 332.100 342.100 352.100 362.100 372.100 372.300 382.300 392.300 402.300 412.300 422.300 432.300 432.300 432.400 432.500 432.600 432.700 432.800 432.900 433.000 433.100 433.200 433.300 433.400 433.500 433.600 433.700 433.800 433.900 434.000 434.100 434.200 434.300 434.400 434.500 434.600 434.700 434.800 434.900 435.000 435.100 435.200 435.300 435.400 435.500 435.600 435.700 435.800 435.900 436.000 438.000 440.000 442.000 442.000 444.000 446.000 448.000 450.000 452.000 454.000 456.000 458.000 460.000 470.000 480.000 490.000 500.000 510.000 520.000 530.000 540.000 550.000 560.000 570.000 580.000 590.000 600.000 610.000 620.000 630.000 640.000 650.000 660.000 670.000 680.000 690.000 700.000 710.000 720.000 730.000 740.000 750.000 760.000 770.000 780.000 790.000 800.000 810.000 820.000 830.000 840.000 850.000 860.000 870.000 880.000 890.000 900.000 905.741 906.143 906.143
0.154 0.154 0.154 0.154 0.154 0.154 0.154 0.154 0.154 0.154 0.154 0.154 0.155 0.155 0.155 0.155 0.155 0.155 0.155 0.155 0.155 0.155 0.155 0.155 0.155 0.155 0.155 0.155 0.155 0.155 0.155 0.155 0.155 0.155 0.155 0.155 0.155 0.155 0.155 0.155 0.155 0.155 0.155 0.155 0.155 0.155 0.155 0.155 0.155 0.155 0.155 0.155 0.155 0.155 0.155 0.155 0.155 0.155 0.155 0.155 0.155 0.155 0.155 0.155 0.155 0.155 0.155 0.155 0.155 0.155 0.155 0.155 0.155 0.155 0.155 0.155 0.155 0.155 0.155 0.155 0.155 0.155 0.155 0.155 0.154 0.154 0.154 0.154 0.153 0.153 0.152 0.151 0.151 0.150 0.149 0.147 0.146 0.144 0.142 0.140 0.137 0.134 0.131 0.127 0.122 0.117 0.111 0.104 0.095 0.085 0.074 0.066 0.056 0.000
ALTI3_D019
300.000 302.100 312.100 322.100 332.100 342.100 352.100 362.100 372.100 372.300 382.300 392.300 402.300 412.300 422.300 432.300 432.300 432.400 432.500 432.600 432.700 432.800 432.900 433.000 433.100 433.200 433.300 433.400 433.500 433.600 433.700 433.800 433.900 434.000 434.100 434.200 434.300 434.400 434.500 434.600 434.700 434.800 434.900 435.000 435.100 435.200 435.300 435.400 435.500 435.600 435.700 435.800 435.900 436.000 438.000 440.000 442.000 442.000 444.000 446.000 448.000 450.000 452.000 454.000 456.000 458.000 460.000 470.000 480.000 490.000 500.000 510.000 520.000 530.000 540.000 550.000 560.000 570.000 580.000 590.000 600.000 610.000 620.000 630.000 640.000 650.000 660.000 670.000 680.000 690.000 700.000 710.000 720.000 730.000 740.000 750.000 760.000 770.000 780.000 790.000 800.000 810.000 820.000 830.000 840.000 850.000 860.000 870.000 880.000 890.000 900.000 905.741 906.143 906.143 910.000 920.000 930.000 940.000 943.315
0.372 0.372 0.372 0.372 0.372 0.372 0.371 0.371 0.371 0.371 0.370 0.369 0.368 0.367 0.365 0.363 0.363 0.363 0.363 0.363 0.363 0.363 0.363 0.363 0.362 0.362 0.362 0.362 0.362 0.362 0.362 0.362 0.362 0.362 0.362 0.362 0.362 0.362 0.362 0.362 0.362 0.362 0.362 0.362 0.362 0.362 0.362 0.362 0.362 0.361 0.361 0.361 0.361 0.361 0.360 0.359 0.358 0.358 0.356 0.354 0.352 0.347 0.341 0.333 0.328 0.323 0.319 0.306 0.296 0.288 0.281 0.274 0.268 0.263 0.257 0.252 0.247 0.242 0.237 0.232 0.228 0.223 0.219 0.214 0.210 0.205 0.201 0.196 0.192 0.187 0.183 0.178 0.174 0.169 0.164 0.160 0.155 0.150 0.144 0.139 0.133 0.128 0.122 0.116 0.109 0.102 0.095 0.087 0.079 0.070 0.060 0.054 0.049 0.023 0.021 0.014 0.008 0.002 0.000
BCC_B2
300.000 302.100 312.100 322.100 332.100 342.100 352.100 362.100 372.100 372.300 382.300 392.300 402.300 412.300 422.300 432.300 432.300 432.400 432.500 432.600 432.700 432.800 432.900 433.000 433.100 433.200 433.300 433.400 433.500 433.600 433.700 433.800 433.900 434.000 434.100 434.200 434.300 434.400 434.500 434.600 434.700 434.800 434.900 435.000 435.100 435.200 435.300 435.400 435.500 435.600 435.700 435.800 435.900 436.000 438.000 440.000 442.000 442.000 444.000 446.000 448.000 450.000 452.000 454.000 456.000 458.000 460.000 470.000 480.000 490.000 500.000 510.000 520.000 530.000 540.000 550.000 560.000 570.000 580.000 590.000 600.000 610.000 620.000 630.000 640.000 650.000 660.000 670.000 680.000 690.000 700.000 710.000 720.000 730.000 740.000 750.000 760.000 770.000 780.000 790.000 800.000 810.000 820.000 830.000 840.000 850.000 860.000 870.000 880.000 890.000 900.000 905.741 906.143 906.143 910.000 920.000 930.000 940.000 943.315 943.315 950.000 960.000 970.000 970.588 970.588 980.000 982.181 982.181 990.000 1000.000 1010.000 1020.000 1030.000 1040.000 1050.000 1060.000 1070.000 1080.000 1090.000 1100.000 1110.000 1120.000 1130.000 1140.000 1150.000 1160.000 1170.000 1180.000 1190.000 1200.000 1210.000 1220.000 1230.000 1240.000 1250.000 1260.000 1270.000 1280.000 1290.000 1300.000 1310.000 1320.000 1330.000 1340.000 1350.000 1360.000 1370.000 1380.000 1390.000 1400.000
0.473 0.473 0.473 0.474 0.474 0.474 0.474 0.474 0.475 0.475 0.475 0.476 0.477 0.478 0.480 0.483 0.483 0.483 0.483 0.483 0.483 0.483 0.483 0.483 0.483 0.483 0.483 0.483 0.483 0.483 0.483 0.483 0.483 0.483 0.483 0.483 0.483 0.483 0.483 0.484 0.484 0.484 0.484 0.484 0.484 0.484 0.484 0.484 0.484 0.484 0.484 0.484 0.484 0.484 0.485 0.486 0.487 0.487 0.489 0.491 0.494 0.498 0.505 0.512 0.518 0.522 0.526 0.539 0.549 0.557 0.564 0.571 0.577 0.583 0.588 0.593 0.598 0.603 0.608 0.613 0.617 0.622 0.627 0.631 0.636 0.641 0.645 0.650 0.655 0.660 0.665 0.670 0.676 0.681 0.687 0.693 0.699 0.706 0.713 0.721 0.729 0.738 0.747 0.758 0.769 0.781 0.795 0.810 0.826 0.845 0.866 0.880 0.886 0.921 0.926 0.937 0.949 0.960 0.964 0.964 0.971 0.982 0.993 0.994 0.994 0.999 1.000 1.000 1.000 1.000 1.000 1.000 1.000 1.000 1.000 1.000 1.000 1.000 1.000 1.000 1.000 1.000 1.000 1.000 1.000 1.000 1.000 1.000 1.000 1.000 1.000 1.000 1.000 1.000 1.000 1.000 1.000 1.000 1.000 1.000 1.000 1.000 1.000 1.000 1.000 1.000 1.000 1.000 1.000 1.000
HCP_A3
905.741 906.143 906.143 910.000 920.000 930.000 940.000 943.315 943.315 950.000 960.000 970.000 970.588
0.000 0.009 0.045 0.043 0.038 0.033 0.028 0.026 0.026 0.020 0.010 0.001 0.000
AL2ZR3
906.143 906.143 910.000 920.000 930.000 940.000 943.315 943.315 950.000 960.000 970.000 970.588 970.588 980.000 982.181
0.000 0.010 0.011 0.011 0.011 0.010 0.010 0.010 0.009 0.008 0.006 0.006 0.006 0.001 0.000
