22 72 23 13
0.333 0.042 0.514 0.111
C15_LAVES
300.000 301.700 311.700 321.700 331.700 341.700 351.700 361.700 371.700 381.700 391.700 401.700 411.700 411.900 421.900 431.900 431.900 432.000 434.000 436.000 438.000 440.000 442.000 442.000 444.000 446.000 448.000 450.000 452.000 454.000 456.000 458.000 460.000 470.000 480.000 490.000 500.000 510.000 520.000 530.000 540.000 550.000 560.000 570.000 580.000 590.000 600.000 610.000 620.000 630.000 640.000 650.000 660.000 670.000 680.000 690.000 700.000 710.000 720.000 730.000 740.000 750.000 760.000 770.000 780.000 790.000 800.000 810.000 820.000 830.000 840.000 850.000 860.000 870.000 880.000 890.000 900.000 904.685 906.143 906.143
0.224 0.224 0.224 0.224 0.224 0.224 0.224 0.224 0.224 0.224 0.224 0.224 0.224 0.224 0.224 0.224 0.224 0.224 0.224 0.224 0.224 0.224 0.224 0.224 0.224 0.224 0.224 0.224 0.224 0.224 0.224 0.224 0.224 0.224 0.224 0.224 0.224 0.224 0.224 0.224 0.225 0.225 0.225 0.225 0.225 0.225 0.225 0.225 0.225 0.224 0.224 0.224 0.224 0.224 0.223 0.223 0.222 0.222 0.221 0.220 0.220 0.218 0.217 0.216 0.214 0.212 0.210 0.207 0.204 0.200 0.196 0.191 0.186 0.179 0.172 0.163 0.152 0.147 0.113 0.000
ALTI3_D019
300.000 301.700 311.700 321.700 331.700 341.700 351.700 361.700 371.700 381.700 391.700 401.700 411.700 411.900 421.900 431.900 431.900 432.000 434.000 436.000 438.000 440.000 442.000 442.000 444.000 446.000 448.000 450.000 452.000 454.000 456.000 458.000 460.000 470.000 480.000 490.000 500.000 510.000 520.000 530.000 540.000 550.000 560.000 570.000 580.000 590.000 600.000 610.000 620.000 630.000 640.000 650.000 660.000 670.000 680.000 690.000 700.000 710.000 720.000 730.000 740.000 750.000 760.000 770.000 780.000 790.000 800.000 810.000 820.000 830.000 840.000 850.000 860.000 870.000 880.000 890.000 900.000 904.685 906.143 906.143 910.000 917.715
0.360 0.360 0.360 0.359 0.359 0.359 0.359 0.359 0.358 0.358 0.357 0.356 0.355 0.355 0.354 0.351 0.351 0.351 0.351 0.350 0.349 0.348 0.347 0.347 0.346 0.344 0.341 0.337 0.331 0.325 0.320 0.316 0.313 0.301 0.293 0.286 0.280 0.274 0.269 0.264 0.259 0.254 0.250 0.246 0.242 0.237 0.233 0.229 0.225 0.221 0.218 0.214 0.210 0.206 0.202 0.198 0.194 0.190 0.186 0.182 0.178 0.174 0.169 0.165 0.160 0.155 0.150 0.145 0.140 0.134 0.128 0.122 0.115 0.108 0.100 0.092 0.083 0.078 0.062 0.011 0.007 0.000
BCC_B2
300.000 301.700 311.700 321.700 331.700 341.700 351.700 361.700 371.700 381.700 391.700 401.700 411.700 411.900 421.900 431.900 431.900 432.000 434.000 436.000 438.000 440.000 442.000 442.000 444.000 446.000 448.000 450.000 452.000 454.000 456.000 458.000 460.000 470.000 480.000 490.000 500.000 510.000 520.000 530.000 540.000 550.000 560.000 570.000 580.000 590.000 600.000 610.000 620.000 630.000 640.000 650.000 660.000 670.000 680.000 690.000 700.000 710.000 720.000 730.000 740.000 750.000 760.000 770.000 780.000 790.000 800.000 810.000 820.000 830.000 840.000 850.000 860.000 870.000 880.000 890.000 900.000 904.685 906.143 906.143 910.000 917.715 917.715 920.000 930.000 940.000 950.000 960.000 970.000 980.000 990.000 1000.000 1010.000 1015.892 1015.892 1020.000 1030.000 1035.169 1035.169 1040.000 1050.000 1060.000 1070.000 1080.000 1090.000 1100.000 1110.000 1120.000 1130.000 1140.000 1150.000 1160.000 1170.000 1180.000 1190.000 1200.000 1210.000 1220.000 1230.000 1240.000 1250.000 1260.000 1270.000 1280.000 1290.000 1300.000 1310.000 1320.000 1330.000 1340.000 1350.000 1360.000 1370.000 1380.000 1390.000 1400.000
0.417 0.417 0.417 0.417 0.417 0.417 0.417 0.418 0.418 0.418 0.419 0.420 0.421 0.421 0.422 0.425 0.425 0.425 0.425 0.426 0.427 0.428 0.429 0.429 0.430 0.432 0.435 0.439 0.445 0.451 0.456 0.460 0.463 0.474 0.483 0.490 0.496 0.502 0.507 0.512 0.516 0.521 0.525 0.530 0.534 0.538 0.542 0.546 0.550 0.554 0.558 0.562 0.566 0.570 0.575 0.579 0.583 0.588 0.593 0.598 0.603 0.608 0.614 0.620 0.626 0.633 0.640 0.648 0.656 0.666 0.676 0.687 0.699 0.713 0.728 0.745 0.765 0.775 0.795 0.866 0.871 0.879 0.879 0.881 0.889 0.898 0.907 0.916 0.925 0.935 0.945 0.956 0.967 0.973 0.973 0.979 0.993 1.000 1.000 1.000 1.000 1.000 1.000 1.000 1.000 1.000 1.000 1.000 1.000 1.000 1.000 1.000 1.000 1.000 1.000 1.000 1.000 1.000 1.000 1.000 1.000 1.000 1.000 1.000 1.000 1.000 1.000 1.000 1.000 1.000 1.000 1.000 1.000 1.000 1.000 1.000
HCP_A3
904.685 906.143 906.143 910.000 917.715 917.715 920.000 930.000 940.000 950.000 960.000 970.000 980.000 990.000 1000.000 1010.000 1015.892 1015.892 1020.000 1030.000 1035.169
0.000 0.030 0.102 0.101 0.098 0.098 0.097 0.091 0.084 0.078 0.071 0.064 0.057 0.049 0.041 0.032 0.027 0.027 0.021 0.007 0.000
AL2ZR3
906.143 906.143 910.000 917.715 917.715 920.000 930.000 940.000 950.000 960.000 970.000 980.000 990.000 1000.000 1010.000 1015.892
0.000 0.021 0.022 0.023 0.023 0.022 0.020 0.018 0.015 0.013 0.011 0.008 0.006 0.004 0.001 0.000
