22 72 23 13
0.347 0.014 0.528 0.111
C15_LAVES
300.000 308.100 318.100 328.100 338.100 348.100 358.100 368.100 378.100 388.100 398.100 408.100 418.100 428.100 438.100 448.100 455.656 455.701 456.863 nan 440.300 440.300 440.400 440.500 440.600 440.700 440.800 440.900 441.000 441.100 441.200 441.300 441.400 441.500 441.600 441.700 441.800 441.900 442.000 442.000 444.000 446.000 448.000 450.000 452.000 454.000 456.000 456.863 458.000 460.000 470.000 480.000 490.000 500.000 510.000 520.000 530.000 540.000 550.000 560.000 570.000 580.000 590.000 600.000 610.000 620.000 630.000 640.000 650.000 660.000 670.000 680.000 690.000 700.000 710.000 720.000 730.000 740.000 750.000 760.000 770.000 780.000 790.000 800.000 810.000 820.000 830.000 840.000 850.000 860.000 870.000 880.000 889.991
0.080 0.080 0.080 0.080 0.080 0.080 0.080 0.080 0.080 0.080 0.080 0.080 0.080 0.080 0.080 0.080 0.080 0.080 0.080 nan 0.080 0.080 0.080 0.080 0.080 0.080 0.080 0.080 0.080 0.080 0.080 0.080 0.080 0.080 0.080 0.080 0.080 0.080 0.080 0.080 0.080 0.080 0.080 0.080 0.080 0.080 0.080 0.080 0.080 0.080 0.080 0.080 0.080 0.080 0.080 0.080 0.080 0.080 0.080 0.080 0.080 0.080 0.080 0.080 0.080 0.080 0.080 0.079 0.079 0.079 0.078 0.078 0.077 0.077 0.076 0.075 0.074 0.073 0.071 0.070 0.068 0.065 0.063 0.060 0.056 0.052 0.048 0.042 0.036 0.029 0.021 0.011 0.000
ALTI3_D019
300.000 308.100 318.100 328.100 338.100 348.100 358.100 368.100 378.100 388.100 398.100 408.100 418.100 428.100 438.100 448.100 455.656 455.701 nan 440.300 440.300 440.400 440.500 440.600 440.700 440.800 440.900 441.000 441.100 441.200 441.300 441.400 441.500 441.600 441.700 441.800 441.900 442.000 442.000 444.000 446.000 448.000 450.000 452.000 454.000 456.000 456.863 458.000 460.000 470.000 480.000 490.000 500.000 510.000 520.000 530.000 540.000 550.000 560.000 570.000 580.000 590.000 600.000 610.000 620.000 630.000 640.000 650.000 660.000 670.000 680.000 690.000 700.000 710.000 720.000 730.000 740.000 750.000 760.000 770.000 780.000 790.000 800.000 810.000 820.000 830.000 840.000 850.000 860.000 870.000 880.000 889.991 889.991 890.000 900.000 910.000 920.000 930.000 940.000 950.000 960.000 970.000 980.000 985.999 nan 455.701 456.863
0.399 0.399 0.399 0.399 0.399 0.398 0.398 0.398 0.397 0.396 0.396 0.395 0.393 0.391 0.388 0.382 0.360 0.360 nan 0.387 0.387 0.387 0.387 0.387 0.387 0.387 0.387 0.387 0.387 0.387 0.387 0.387 0.387 0.387 0.387 0.387 0.387 0.386 0.386 0.385 0.384 0.382 0.380 0.377 0.371 0.358 0.354 0.349 0.343 0.325 0.313 0.304 0.296 0.288 0.281 0.275 0.268 0.262 0.256 0.251 0.245 0.240 0.234 0.229 0.224 0.219 0.214 0.209 0.204 0.199 0.194 0.189 0.184 0.178 0.173 0.168 0.163 0.157 0.152 0.146 0.140 0.134 0.128 0.122 0.115 0.109 0.101 0.094 0.086 0.077 0.068 0.058 0.058 0.058 0.052 0.047 0.041 0.035 0.029 0.023 0.016 0.010 0.004 0.000 nan 0.360 0.354
BCC_B2
300.000 308.100 318.100 328.100 338.100 348.100 358.100 368.100 378.100 388.100 398.100 408.100 418.100 428.100 438.100 448.100 455.656 455.701 nan 440.300 440.300 440.400 440.500 440.600 440.700 440.800 440.900 441.000 441.100 441.200 441.300 441.400 441.500 441.600 441.700 441.800 441.900 442.000 442.000 444.000 446.000 448.000 450.000 452.000 454.000 456.000 456.863 458.000 460.000 470.000 480.000 490.000 500.000 510.000 520.000 530.000 540.000 550.000 560.000 570.000 580.000 590.000 600.000 610.000 620.000 630.000 640.000 650.000 660.000 670.000 680.000 690.000 700.000 710.000 720.000 730.000 740.000 750.000 760.000 770.000 780.000 790.000 800.000 810.000 820.000 830.000 840.000 850.000 860.000 870.000 880.000 889.991 889.991 890.000 900.000 910.000 920.000 930.000 940.000 950.000 960.000 970.000 980.000 985.999 985.999 990.000 1000.000 1010.000 1020.000 1030.000 1040.000 1050.000 1060.000 1070.000 1080.000 1090.000 1100.000 1110.000 1120.000 1130.000 1140.000 1150.000 1160.000 1170.000 1180.000 1190.000 1200.000 1210.000 1220.000 1230.000 1240.000 1250.000 1260.000 1270.000 1280.000 1290.000 1300.000 1310.000 1320.000 1330.000 1340.000 1350.000 1360.000 1370.000 1380.000 1390.000 1400.000 nan 455.701 456.863
0.520 0.521 0.521 0.521 0.521 0.522 0.522 0.522 0.523 0.523 0.524 0.525 0.527 0.529 0.532 0.538 0.559 0.559 nan 0.532 0.532 0.533 0.533 0.533 0.533 0.533 0.533 0.533 0.533 0.533 0.533 0.533 0.533 0.533 0.533 0.533 0.533 0.533 0.533 0.534 0.536 0.538 0.540 0.543 0.549 0.562 0.566 0.571 0.577 0.595 0.606 0.616 0.624 0.632 0.639 0.645 0.651 0.657 0.663 0.669 0.675 0.680 0.685 0.691 0.696 0.701 0.707 0.712 0.717 0.723 0.728 0.734 0.740 0.746 0.752 0.758 0.765 0.771 0.779 0.786 0.794 0.803 0.812 0.822 0.832 0.844 0.856 0.870 0.885 0.902 0.921 0.942 0.942 0.942 0.948 0.953 0.959 0.965 0.971 0.977 0.984 0.990 0.996 1.000 1.000 1.000 1.000 1.000 1.000 1.000 1.000 1.000 1.000 1.000 1.000 1.000 1.000 1.000 1.000 1.000 1.000 1.000 1.000 1.000 1.000 1.000 1.000 1.000 1.000 1.000 1.000 1.000 1.000 1.000 1.000 1.000 1.000 1.000 1.000 1.000 1.000 1.000 1.000 1.000 1.000 1.000 1.000 nan 0.560 0.566
BCC_B2#2
455.701 456.863
0.000 0.000
