1.505000000000000000e+05
1.505040000000000000e+05
1.505070000000000000e+05
1.505110000000000000e+05
1.505140000000000000e+05
1.505170000000000000e+05
1.505200000000000000e+05
1.505220000000000000e+05
1.515010000000000000e+05
1.515050000000000000e+05
1.515090000000000000e+05
1.520230000000000000e+05
1.520290000000000000e+05
1.545350000000000000e+05
1.545400000000000000e+05
1.545430000000000000e+05
1.545490000000000000e+05
1.545530000000000000e+05
1.545580000000000000e+05
1.545630000000000000e+05
1.545670000000000000e+05
1.545730000000000000e+05
1.545790000000000000e+05
1.545850000000000000e+05
1.545900000000000000e+05
1.545950000000000000e+05
1.546000000000000000e+05
1.550680000000000000e+05
1.550720000000000000e+05
1.550770000000000000e+05
1.550810000000000000e+05
1.550870000000000000e+05
1.550920000000000000e+05
1.550970000000000000e+05
1.551010000000000000e+05
1.551060000000000000e+05
1.551100000000000000e+05
1.551150000000000000e+05
1.551190000000000000e+05
1.551240000000000000e+05
1.551270000000000000e+05
1.551320000000000000e+05
1.551360000000000000e+05
1.551390000000000000e+05
1.551440000000000000e+05
1.551490000000000000e+05
1.555490000000000000e+05
1.555540000000000000e+05
1.555590000000000000e+05
1.555630000000000000e+05
1.555650000000000000e+05
1.555690000000000000e+05
1.555740000000000000e+05
1.555790000000000000e+05
1.555840000000000000e+05
1.555880000000000000e+05
1.555930000000000000e+05
1.555970000000000000e+05
1.556010000000000000e+05
1.556050000000000000e+05
1.775040000000000000e+05
1.775090000000000000e+05
1.775150000000000000e+05
1.775180000000000000e+05
1.777220000000000000e+05
1.777250000000000000e+05
1.781410000000000000e+05
1.781460000000000000e+05
1.781510000000000000e+05
1.781560000000000000e+05
1.781600000000000000e+05
1.781640000000000000e+05
1.781690000000000000e+05
1.781730000000000000e+05
1.783510000000000000e+05
1.783560000000000000e+05
1.783600000000000000e+05
1.783640000000000000e+05
1.783670000000000000e+05
1.783710000000000000e+05
1.783750000000000000e+05
1.783790000000000000e+05
1.800000000000000000e+05
1.800030000000000000e+05
1.800050000000000000e+05
1.800060000000000000e+05
1.800240000000000000e+05
1.800270000000000000e+05
1.800290000000000000e+05
1.800320000000000000e+05
1.800340000000000000e+05
1.800360000000000000e+05
1.800520000000000000e+05
1.507490000000000000e+05
1.507530000000000000e+05
1.507560000000000000e+05
1.507600000000000000e+05
1.518490000000000000e+05
1.518540000000000000e+05
1.518590000000000000e+05
1.518620000000000000e+05
1.524010000000000000e+05
1.538320000000000000e+05
1.538360000000000000e+05
1.543690000000000000e+05
1.543740000000000000e+05
1.543780000000000000e+05
1.543830000000000000e+05
1.543870000000000000e+05
1.543920000000000000e+05
1.543970000000000000e+05
1.544010000000000000e+05
1.544070000000000000e+05
1.544120000000000000e+05
1.544170000000000000e+05
1.544210000000000000e+05
1.544270000000000000e+05
1.549550000000000000e+05
1.549600000000000000e+05
1.549630000000000000e+05
1.720380000000000000e+05
1.720410000000000000e+05
1.730360000000000000e+05
1.730390000000000000e+05
1.766690000000000000e+05
1.766740000000000000e+05
1.766810000000000000e+05
1.766880000000000000e+05
1.766960000000000000e+05
1.779410000000000000e+05
1.779450000000000000e+05
1.779490000000000000e+05
1.779540000000000000e+05
1.779580000000000000e+05
1.779610000000000000e+05
1.779670000000000000e+05
1.779720000000000000e+05
1.799820000000000000e+05
1.799970000000000000e+05
1.800550000000000000e+05
1.800580000000000000e+05
1.800610000000000000e+05
1.800640000000000000e+05
1.800670000000000000e+05
1.800700000000000000e+05
1.800720000000000000e+05
1.800900000000000000e+05
1.800920000000000000e+05
1.800950000000000000e+05
1.800980000000000000e+05
1.801010000000000000e+05
1.801040000000000000e+05
1.801070000000000000e+05
1.801090000000000000e+05
1.801100000000000000e+05
1.801290000000000000e+05
1.801320000000000000e+05
1.801340000000000000e+05
1.801370000000000000e+05
1.801400000000000000e+05
1.801440000000000000e+05
1.801470000000000000e+05
1.801490000000000000e+05
1.801510000000000000e+05
1.801720000000000000e+05
1.801750000000000000e+05
1.801780000000000000e+05
1.801810000000000000e+05
1.801840000000000000e+05
1.801870000000000000e+05
1.801910000000000000e+05
1.801940000000000000e+05
1.801970000000000000e+05
1.802000000000000000e+05
1.802020000000000000e+05
1.802140000000000000e+05
1.802160000000000000e+05
1.802180000000000000e+05
1.802200000000000000e+05
1.802220000000000000e+05
1.802240000000000000e+05
1.802270000000000000e+05
1.802290000000000000e+05
1.802320000000000000e+05
1.802340000000000000e+05
1.802370000000000000e+05
1.802410000000000000e+05
1.802440000000000000e+05
1.802510000000000000e+05
1.802520000000000000e+05
1.802530000000000000e+05
1.802540000000000000e+05
1.802550000000000000e+05
1.802570000000000000e+05
1.802580000000000000e+05
1.802600000000000000e+05
1.802610000000000000e+05
1.802630000000000000e+05
1.802660000000000000e+05
1.802680000000000000e+05
1.802710000000000000e+05
1.802740000000000000e+05
7.882000000000000000e+04
7.882400000000000000e+04
7.883000000000000000e+04
7.886800000000000000e+04
7.887300000000000000e+04
7.887800000000000000e+04
7.888200000000000000e+04
7.890100000000000000e+04
7.890700000000000000e+04
7.891100000000000000e+04
7.893200000000000000e+04
7.893600000000000000e+04
1.735320000000000000e+05
1.737660000000000000e+05
1.774850000000000000e+05
1.774930000000000000e+05
1.774980000000000000e+05
1.777300000000000000e+05
1.777360000000000000e+05
1.777410000000000000e+05
1.777440000000000000e+05
1.777490000000000000e+05
1.777550000000000000e+05
1.799770000000000000e+05
1.799800000000000000e+05
1.804920000000000000e+05
1.805170000000000000e+05
1.805230000000000000e+05
1.805260000000000000e+05
1.727910000000000000e+05
1.727970000000000000e+05
1.728030000000000000e+05
1.764220000000000000e+05
1.806750000000000000e+05
1.806780000000000000e+05
1.806800000000000000e+05
1.806980000000000000e+05
1.807010000000000000e+05
1.807040000000000000e+05
1.807070000000000000e+05
1.807100000000000000e+05
1.807130000000000000e+05
1.807160000000000000e+05
1.811720000000000000e+05
1.811770000000000000e+05
1.811810000000000000e+05
1.812370000000000000e+05
1.812420000000000000e+05
1.815160000000000000e+05
1.816040000000000000e+05
1.816140000000000000e+05
1.816150000000000000e+05
1.816230000000000000e+05
1.816250000000000000e+05
1.816260000000000000e+05
1.725300000000000000e+05
1.725340000000000000e+05
1.725390000000000000e+05
1.761670000000000000e+05
1.761710000000000000e+05
1.764100000000000000e+05
1.764140000000000000e+05
1.769380000000000000e+05
1.769420000000000000e+05
1.769500000000000000e+05
1.769570000000000000e+05
1.769640000000000000e+05
1.769700000000000000e+05
1.509470000000000000e+05
1.509530000000000000e+05
1.509570000000000000e+05
1.509600000000000000e+05
1.509630000000000000e+05
1.509660000000000000e+05
1.509700000000000000e+05
1.509730000000000000e+05
1.510440000000000000e+05
1.510480000000000000e+05
1.510530000000000000e+05
1.510570000000000000e+05
1.510620000000000000e+05
1.510670000000000000e+05
1.510720000000000000e+05
1.511630000000000000e+05
1.511660000000000000e+05
1.511700000000000000e+05
1.511750000000000000e+05
1.511790000000000000e+05
1.511830000000000000e+05
1.511860000000000000e+05
1.513030000000000000e+05
1.513090000000000000e+05
1.513160000000000000e+05
1.513220000000000000e+05
1.513270000000000000e+05
1.513320000000000000e+05
1.513360000000000000e+05
1.514830000000000000e+05
1.514900000000000000e+05
1.514960000000000000e+05
1.516650000000000000e+05
1.516720000000000000e+05
1.516790000000000000e+05
1.516850000000000000e+05
1.516900000000000000e+05
1.522130000000000000e+05
1.522160000000000000e+05
1.538300000000000000e+05
1.539390000000000000e+05
1.539460000000000000e+05
1.539500000000000000e+05
1.539550000000000000e+05
1.539590000000000000e+05
1.539640000000000000e+05
1.540640000000000000e+05
1.540680000000000000e+05
1.540710000000000000e+05
1.540760000000000000e+05
1.540800000000000000e+05
1.540850000000000000e+05
1.540890000000000000e+05
1.540910000000000000e+05
1.540960000000000000e+05
1.541010000000000000e+05
1.541090000000000000e+05
1.541160000000000000e+05
1.542100000000000000e+05
1.542130000000000000e+05
1.542170000000000000e+05
1.542210000000000000e+05
1.542250000000000000e+05
1.542290000000000000e+05
1.542310000000000000e+05
1.542370000000000000e+05
1.542410000000000000e+05
1.542460000000000000e+05
1.542500000000000000e+05
1.542560000000000000e+05
1.542600000000000000e+05
1.542670000000000000e+05
1.547050000000000000e+05
1.547090000000000000e+05
1.547140000000000000e+05
1.547180000000000000e+05
1.547230000000000000e+05
1.547280000000000000e+05
1.547320000000000000e+05
1.547370000000000000e+05
1.547420000000000000e+05
1.547470000000000000e+05
1.547510000000000000e+05
1.547570000000000000e+05
1.547620000000000000e+05
1.547670000000000000e+05
1.547720000000000000e+05
1.547780000000000000e+05
1.548910000000000000e+05
1.548950000000000000e+05
1.548990000000000000e+05
1.549040000000000000e+05
1.549090000000000000e+05
1.549130000000000000e+05
1.549190000000000000e+05
1.549230000000000000e+05
1.549280000000000000e+05
1.549320000000000000e+05
1.549370000000000000e+05
1.549420000000000000e+05
1.549460000000000000e+05
1.549500000000000000e+05
1.552420000000000000e+05
1.552460000000000000e+05
1.552490000000000000e+05
1.552540000000000000e+05
1.552580000000000000e+05
1.552630000000000000e+05
1.552680000000000000e+05
1.552720000000000000e+05
1.552770000000000000e+05
1.552810000000000000e+05
1.552850000000000000e+05
1.552900000000000000e+05
1.552950000000000000e+05
1.553000000000000000e+05
1.553020000000000000e+05
1.553040000000000000e+05
1.553080000000000000e+05
1.553130000000000000e+05
1.553180000000000000e+05
1.553210000000000000e+05
1.554010000000000000e+05
1.554050000000000000e+05
1.554100000000000000e+05
1.554140000000000000e+05
1.554190000000000000e+05
1.554240000000000000e+05
1.554270000000000000e+05
1.554310000000000000e+05
1.554360000000000000e+05
1.557330000000000000e+05
1.557370000000000000e+05
1.557420000000000000e+05
1.557460000000000000e+05
1.557500000000000000e+05
1.557550000000000000e+05
1.557590000000000000e+05
1.718240000000000000e+05
1.772110000000000000e+05
1.772150000000000000e+05
1.772220000000000000e+05
1.772290000000000000e+05
1.772350000000000000e+05
1.772400000000000000e+05
1.772470000000000000e+05
1.772510000000000000e+05
1.504750000000000000e+05
1.504780000000000000e+05
1.504810000000000000e+05
1.504830000000000000e+05
1.504860000000000000e+05
1.504890000000000000e+05
1.505360000000000000e+05
1.505390000000000000e+05
1.505420000000000000e+05
1.505440000000000000e+05
1.505470000000000000e+05
1.505490000000000000e+05
1.505520000000000000e+05
1.505540000000000000e+05
1.505670000000000000e+05
1.505700000000000000e+05
1.505730000000000000e+05
1.505770000000000000e+05
1.505800000000000000e+05
1.505830000000000000e+05
1.505860000000000000e+05
1.505900000000000000e+05
1.505940000000000000e+05
1.505970000000000000e+05
1.506000000000000000e+05
1.506030000000000000e+05
1.506140000000000000e+05
1.506170000000000000e+05
1.506220000000000000e+05
1.506250000000000000e+05
1.506290000000000000e+05
1.506300000000000000e+05
1.506330000000000000e+05
1.506360000000000000e+05
1.506390000000000000e+05
1.506420000000000000e+05
1.506450000000000000e+05
1.506480000000000000e+05
1.506710000000000000e+05
1.506750000000000000e+05
1.506790000000000000e+05
1.506820000000000000e+05
1.506860000000000000e+05
1.506900000000000000e+05
1.506930000000000000e+05
1.506970000000000000e+05
1.507000000000000000e+05
1.507240000000000000e+05
1.507270000000000000e+05
1.507300000000000000e+05
1.507350000000000000e+05
1.507390000000000000e+05
1.507430000000000000e+05
1.507460000000000000e+05
1.507940000000000000e+05
1.507990000000000000e+05
1.508040000000000000e+05
1.508090000000000000e+05
1.508140000000000000e+05
1.508180000000000000e+05
1.508220000000000000e+05
1.508250000000000000e+05
1.508290000000000000e+05
1.508320000000000000e+05
1.508690000000000000e+05
1.508730000000000000e+05
1.508770000000000000e+05
1.508810000000000000e+05
1.508850000000000000e+05
1.508880000000000000e+05
1.508920000000000000e+05
1.508950000000000000e+05
1.508990000000000000e+05
1.556080000000000000e+05
1.809590000000000000e+05
1.809640000000000000e+05
1.809680000000000000e+05
1.809720000000000000e+05
1.809750000000000000e+05
1.809770000000000000e+05
2.216200000000000000e+04
2.218000000000000000e+04
2.219300000000000000e+04
2.218000000000000000e+04
2.219300000000000000e+04
1.505020000000000000e+05
1.505030000000000000e+05
1.505050000000000000e+05
1.505060000000000000e+05
1.505090000000000000e+05
1.505100000000000000e+05
1.505120000000000000e+05
1.505130000000000000e+05
1.505150000000000000e+05
1.505160000000000000e+05
1.505180000000000000e+05
1.505190000000000000e+05
1.505210000000000000e+05
1.505230000000000000e+05
1.505240000000000000e+05
1.505250000000000000e+05
1.515000000000000000e+05
1.515040000000000000e+05
1.545420000000000000e+05
1.545470000000000000e+05
1.545480000000000000e+05
1.545510000000000000e+05
1.545520000000000000e+05
1.545560000000000000e+05
1.545570000000000000e+05
1.545610000000000000e+05
1.545620000000000000e+05
1.545650000000000000e+05
1.545660000000000000e+05
1.545710000000000000e+05
1.545720000000000000e+05
1.545770000000000000e+05
1.545780000000000000e+05
1.545840000000000000e+05
1.545890000000000000e+05
1.550760000000000000e+05
1.550790000000000000e+05
1.550800000000000000e+05
1.550850000000000000e+05
1.550860000000000000e+05
1.550900000000000000e+05
1.550910000000000000e+05
1.550950000000000000e+05
1.550960000000000000e+05
1.550990000000000000e+05
1.551000000000000000e+05
1.551040000000000000e+05
1.551050000000000000e+05
1.551080000000000000e+05
1.551090000000000000e+05
1.551130000000000000e+05
1.551140000000000000e+05
1.551180000000000000e+05
1.551230000000000000e+05
1.551260000000000000e+05
1.551310000000000000e+05
1.555350000000000000e+05
1.555390000000000000e+05
1.555400000000000000e+05
1.555420000000000000e+05
1.555430000000000000e+05
1.555470000000000000e+05
1.555480000000000000e+05
1.555520000000000000e+05
1.555530000000000000e+05
1.555570000000000000e+05
1.555580000000000000e+05
1.555610000000000000e+05
1.555620000000000000e+05
1.555640000000000000e+05
1.555670000000000000e+05
1.555680000000000000e+05
1.555720000000000000e+05
1.555730000000000000e+05
1.555770000000000000e+05
1.555780000000000000e+05
1.555820000000000000e+05
1.555830000000000000e+05
1.555860000000000000e+05
1.555870000000000000e+05
1.555910000000000000e+05
1.555920000000000000e+05
1.555950000000000000e+05
1.555960000000000000e+05
1.556000000000000000e+05
1.775030000000000000e+05
1.777210000000000000e+05
1.777230000000000000e+05
1.777240000000000000e+05
1.781390000000000000e+05
1.781400000000000000e+05
1.781440000000000000e+05
1.781450000000000000e+05
1.781490000000000000e+05
1.781500000000000000e+05
1.781540000000000000e+05
1.781550000000000000e+05
1.781590000000000000e+05
1.781620000000000000e+05
1.781630000000000000e+05
1.781680000000000000e+05
1.783490000000000000e+05
1.783500000000000000e+05
1.783540000000000000e+05
1.783550000000000000e+05
1.783580000000000000e+05
1.783590000000000000e+05
1.783620000000000000e+05
1.783630000000000000e+05
1.783660000000000000e+05
1.783690000000000000e+05
1.783700000000000000e+05
1.783740000000000000e+05
1.784230000000000000e+05
1.800010000000000000e+05
1.800020000000000000e+05
1.800040000000000000e+05
1.800120000000000000e+05
1.800130000000000000e+05
1.800140000000000000e+05
1.800150000000000000e+05
1.800160000000000000e+05
1.800170000000000000e+05
1.800180000000000000e+05
1.800190000000000000e+05
1.800200000000000000e+05
1.800210000000000000e+05
1.800220000000000000e+05
1.800230000000000000e+05
1.800250000000000000e+05
1.800260000000000000e+05
1.800280000000000000e+05
1.800300000000000000e+05
1.800310000000000000e+05
1.800330000000000000e+05
1.800430000000000000e+05
1.800450000000000000e+05
1.800470000000000000e+05
1.800480000000000000e+05
1.800490000000000000e+05
1.800500000000000000e+05
1.800510000000000000e+05
1.800530000000000000e+05
1.800540000000000000e+05
1.507480000000000000e+05
1.507510000000000000e+05
1.507520000000000000e+05
1.507540000000000000e+05
1.507550000000000000e+05
1.507580000000000000e+05
1.507590000000000000e+05
1.543730000000000000e+05
1.543760000000000000e+05
1.543770000000000000e+05
1.543810000000000000e+05
1.543820000000000000e+05
1.543850000000000000e+05
1.543860000000000000e+05
1.543900000000000000e+05
1.543910000000000000e+05
1.543960000000000000e+05
1.544000000000000000e+05
1.544060000000000000e+05
1.544110000000000000e+05
1.720370000000000000e+05
1.720400000000000000e+05
1.766730000000000000e+05
1.779400000000000000e+05
1.779430000000000000e+05
1.779440000000000000e+05
1.779470000000000000e+05
1.779480000000000000e+05
1.779520000000000000e+05
1.779530000000000000e+05
1.779600000000000000e+05
1.779660000000000000e+05
1.799810000000000000e+05
1.799830000000000000e+05
1.799840000000000000e+05
1.799850000000000000e+05
1.799860000000000000e+05
1.799870000000000000e+05
1.799880000000000000e+05
1.799890000000000000e+05
1.799900000000000000e+05
1.799910000000000000e+05
1.799920000000000000e+05
1.799930000000000000e+05
1.799940000000000000e+05
1.799950000000000000e+05
1.799960000000000000e+05
1.799980000000000000e+05
1.799990000000000000e+05
1.800560000000000000e+05
1.800570000000000000e+05
1.800590000000000000e+05
1.800600000000000000e+05
1.800620000000000000e+05
1.800630000000000000e+05
1.800660000000000000e+05
1.800690000000000000e+05
1.800830000000000000e+05
1.800850000000000000e+05
1.800870000000000000e+05
1.800890000000000000e+05
1.800940000000000000e+05
1.800970000000000000e+05
1.801000000000000000e+05
1.801060000000000000e+05
1.801260000000000000e+05
1.801280000000000000e+05
1.801310000000000000e+05
1.801360000000000000e+05
1.801390000000000000e+05
1.801430000000000000e+05
1.801480000000000000e+05
1.801770000000000000e+05
1.801800000000000000e+05
1.801830000000000000e+05
1.801860000000000000e+05
1.801900000000000000e+05
1.801960000000000000e+05
1.802230000000000000e+05
1.802260000000000000e+05
1.802280000000000000e+05
1.802310000000000000e+05
7.881800000000000000e+04
7.881900000000000000e+04
7.882300000000000000e+04
7.886700000000000000e+04
7.887200000000000000e+04
7.890000000000000000e+04
7.890600000000000000e+04
7.893100000000000000e+04
1.774830000000000000e+05
1.774840000000000000e+05
1.774910000000000000e+05
1.774920000000000000e+05
1.774970000000000000e+05
1.777280000000000000e+05
1.777290000000000000e+05
1.777340000000000000e+05
1.777350000000000000e+05
1.799330000000000000e+05
1.799340000000000000e+05
1.799350000000000000e+05
1.799360000000000000e+05
1.799370000000000000e+05
1.799380000000000000e+05
1.799390000000000000e+05
1.799400000000000000e+05
1.799410000000000000e+05
1.799420000000000000e+05
1.799430000000000000e+05
1.799440000000000000e+05
1.799450000000000000e+05
1.799460000000000000e+05
1.799470000000000000e+05
1.799480000000000000e+05
1.799490000000000000e+05
1.799500000000000000e+05
1.799510000000000000e+05
1.799520000000000000e+05
1.799530000000000000e+05
1.799540000000000000e+05
1.799550000000000000e+05
1.799560000000000000e+05
1.799570000000000000e+05
1.799580000000000000e+05
1.799590000000000000e+05
1.799600000000000000e+05
1.799610000000000000e+05
1.799620000000000000e+05
1.799630000000000000e+05
1.799640000000000000e+05
1.799650000000000000e+05
1.799660000000000000e+05
1.799670000000000000e+05
1.799680000000000000e+05
1.799690000000000000e+05
1.799700000000000000e+05
1.799710000000000000e+05
1.799720000000000000e+05
1.799730000000000000e+05
1.799740000000000000e+05
1.799750000000000000e+05
1.799760000000000000e+05
1.799780000000000000e+05
1.799790000000000000e+05
1.805330000000000000e+05
5.743970000000000000e+05
5.743980000000000000e+05
5.743990000000000000e+05
1.806020000000000000e+05
1.806030000000000000e+05
1.806040000000000000e+05
1.806090000000000000e+05
1.806100000000000000e+05
1.806110000000000000e+05
1.806120000000000000e+05
1.806130000000000000e+05
1.806140000000000000e+05
1.806150000000000000e+05
1.806220000000000000e+05
1.806230000000000000e+05
1.806240000000000000e+05
1.806250000000000000e+05
1.806260000000000000e+05
1.806270000000000000e+05
1.806280000000000000e+05
1.806290000000000000e+05
1.806300000000000000e+05
1.806310000000000000e+05
1.806380000000000000e+05
1.806390000000000000e+05
1.806400000000000000e+05
1.806410000000000000e+05
1.806420000000000000e+05
1.806430000000000000e+05
1.806440000000000000e+05
1.806450000000000000e+05
1.806460000000000000e+05
1.806470000000000000e+05
1.806480000000000000e+05
1.806490000000000000e+05
1.806500000000000000e+05
1.806510000000000000e+05
1.806520000000000000e+05
1.806650000000000000e+05
1.806670000000000000e+05
1.806680000000000000e+05
1.806690000000000000e+05
1.806700000000000000e+05
1.806710000000000000e+05
1.806720000000000000e+05
1.806730000000000000e+05
1.806740000000000000e+05
1.806760000000000000e+05
1.806770000000000000e+05
1.806790000000000000e+05
1.806950000000000000e+05
1.806970000000000000e+05
1.806990000000000000e+05
1.807000000000000000e+05
1.807020000000000000e+05
1.807030000000000000e+05
1.807050000000000000e+05
1.807060000000000000e+05
1.807080000000000000e+05
1.807090000000000000e+05
1.807110000000000000e+05
1.807120000000000000e+05
1.807140000000000000e+05
1.807150000000000000e+05
1.815870000000000000e+05
1.815890000000000000e+05
1.815900000000000000e+05
1.815930000000000000e+05
1.815940000000000000e+05
1.815950000000000000e+05
1.815960000000000000e+05
1.816010000000000000e+05
1.816020000000000000e+05
1.816030000000000000e+05
1.816110000000000000e+05
1.816120000000000000e+05
1.816130000000000000e+05
1.816220000000000000e+05
1.816240000000000000e+05
1.725330000000000000e+05
1.769410000000000000e+05
1.769490000000000000e+05
1.769560000000000000e+05
1.509620000000000000e+05
1.509640000000000000e+05
1.509650000000000000e+05
1.509680000000000000e+05
1.509690000000000000e+05
1.509720000000000000e+05
1.510520000000000000e+05
1.510560000000000000e+05
1.510600000000000000e+05
1.510610000000000000e+05
1.510650000000000000e+05
1.510660000000000000e+05
1.510700000000000000e+05
1.510710000000000000e+05
1.511690000000000000e+05
1.511740000000000000e+05
1.511810000000000000e+05
1.511820000000000000e+05
1.511850000000000000e+05
1.513150000000000000e+05
1.513210000000000000e+05
1.513260000000000000e+05
1.513310000000000000e+05
1.516840000000000000e+05
1.540670000000000000e+05
1.540750000000000000e+05
1.540790000000000000e+05
1.542120000000000000e+05
1.542160000000000000e+05
1.542200000000000000e+05
1.542240000000000000e+05
1.542280000000000000e+05
1.542300000000000000e+05
1.542360000000000000e+05
1.547080000000000000e+05
1.547120000000000000e+05
1.547130000000000000e+05
1.547160000000000000e+05
1.547170000000000000e+05
1.547210000000000000e+05
1.547220000000000000e+05
1.547260000000000000e+05
1.547270000000000000e+05
1.547300000000000000e+05
1.547310000000000000e+05
1.547350000000000000e+05
1.547360000000000000e+05
1.547400000000000000e+05
1.547410000000000000e+05
1.547460000000000000e+05
1.547500000000000000e+05
1.547560000000000000e+05
1.548940000000000000e+05
1.548970000000000000e+05
1.548980000000000000e+05
1.549020000000000000e+05
1.549030000000000000e+05
1.549070000000000000e+05
1.549080000000000000e+05
1.549110000000000000e+05
1.549120000000000000e+05
1.549170000000000000e+05
1.549180000000000000e+05
1.549210000000000000e+05
1.549220000000000000e+05
1.549260000000000000e+05
1.549270000000000000e+05
1.549310000000000000e+05
1.549360000000000000e+05
1.549410000000000000e+05
1.549490000000000000e+05
1.552410000000000000e+05
1.552440000000000000e+05
1.552450000000000000e+05
1.552470000000000000e+05
1.552480000000000000e+05
1.552520000000000000e+05
1.552530000000000000e+05
1.552560000000000000e+05
1.552570000000000000e+05
1.552610000000000000e+05
1.552620000000000000e+05
1.552660000000000000e+05
1.552670000000000000e+05
1.552700000000000000e+05
1.552710000000000000e+05
1.552750000000000000e+05
1.552760000000000000e+05
1.552800000000000000e+05
1.552830000000000000e+05
1.552840000000000000e+05
1.552880000000000000e+05
1.552890000000000000e+05
1.552940000000000000e+05
1.552990000000000000e+05
1.553030000000000000e+05
1.553920000000000000e+05
1.553950000000000000e+05
1.553960000000000000e+05
1.553990000000000000e+05
1.554000000000000000e+05
1.554030000000000000e+05
1.554040000000000000e+05
1.554080000000000000e+05
1.554090000000000000e+05
1.554120000000000000e+05
1.554130000000000000e+05
1.554170000000000000e+05
1.554180000000000000e+05
1.554220000000000000e+05
1.554230000000000000e+05
1.554260000000000000e+05
1.554290000000000000e+05
1.554300000000000000e+05
1.554340000000000000e+05
1.554350000000000000e+05
1.554390000000000000e+05
1.557310000000000000e+05
1.557320000000000000e+05
1.557350000000000000e+05
1.557360000000000000e+05
1.557400000000000000e+05
1.557410000000000000e+05
1.557450000000000000e+05
1.557480000000000000e+05
1.557490000000000000e+05
1.557540000000000000e+05
1.557890000000000000e+05
1.557920000000000000e+05
1.718220000000000000e+05
1.718230000000000000e+05
1.772140000000000000e+05
1.772210000000000000e+05
1.772280000000000000e+05
1.504730000000000000e+05
1.504740000000000000e+05
1.504760000000000000e+05
1.504770000000000000e+05
1.504790000000000000e+05
1.504800000000000000e+05
1.504820000000000000e+05
1.504840000000000000e+05
1.504850000000000000e+05
1.504870000000000000e+05
1.504880000000000000e+05
1.504900000000000000e+05
1.504910000000000000e+05
1.504920000000000000e+05
1.504930000000000000e+05
1.504940000000000000e+05
1.504950000000000000e+05
1.504960000000000000e+05
1.504970000000000000e+05
1.504980000000000000e+05
1.504990000000000000e+05
1.505330000000000000e+05
1.505340000000000000e+05
1.505350000000000000e+05
1.505370000000000000e+05
1.505380000000000000e+05
1.505400000000000000e+05
1.505410000000000000e+05
1.505430000000000000e+05
1.505450000000000000e+05
1.505460000000000000e+05
1.505480000000000000e+05
1.505500000000000000e+05
1.505510000000000000e+05
1.505530000000000000e+05
1.505550000000000000e+05
1.505560000000000000e+05
1.505570000000000000e+05
1.505580000000000000e+05
1.505690000000000000e+05
1.505720000000000000e+05
1.505760000000000000e+05
1.505780000000000000e+05
1.505790000000000000e+05
1.505820000000000000e+05
1.505840000000000000e+05
1.505850000000000000e+05
1.505880000000000000e+05
1.505890000000000000e+05
1.505920000000000000e+05
1.505930000000000000e+05
1.505950000000000000e+05
1.505960000000000000e+05
1.505980000000000000e+05
1.505990000000000000e+05
1.506010000000000000e+05
1.506020000000000000e+05
1.506210000000000000e+05
1.506240000000000000e+05
1.506280000000000000e+05
1.506310000000000000e+05
1.506320000000000000e+05
1.506350000000000000e+05
1.506370000000000000e+05
1.506380000000000000e+05
1.506400000000000000e+05
1.506410000000000000e+05
1.506430000000000000e+05
1.506440000000000000e+05
1.506460000000000000e+05
1.506470000000000000e+05
1.506740000000000000e+05
1.506780000000000000e+05
1.506810000000000000e+05
1.506840000000000000e+05
1.506850000000000000e+05
1.506880000000000000e+05
1.506890000000000000e+05
1.506910000000000000e+05
1.506920000000000000e+05
1.506950000000000000e+05
1.506960000000000000e+05
1.506980000000000000e+05
1.506990000000000000e+05
1.507420000000000000e+05
1.507450000000000000e+05
1.507470000000000000e+05
1.508130000000000000e+05
1.508170000000000000e+05
1.508210000000000000e+05
1.508230000000000000e+05
1.508240000000000000e+05
1.508270000000000000e+05
1.508280000000000000e+05
1.508300000000000000e+05
1.508310000000000000e+05
1.508870000000000000e+05
1.508900000000000000e+05
1.508910000000000000e+05
1.508930000000000000e+05
1.508940000000000000e+05
1.508970000000000000e+05
1.508980000000000000e+05
1.809710000000000000e+05
1.819890000000000000e+05
1.819900000000000000e+05
1.819910000000000000e+05
1.819920000000000000e+05
2.217900000000000000e+04
2.219200000000000000e+04
2.217900000000000000e+04
2.219200000000000000e+04
1.550840000000000000e+05
1.550890000000000000e+05
1.550940000000000000e+05
1.550980000000000000e+05
1.555410000000000000e+05
1.555460000000000000e+05
1.555510000000000000e+05
1.555560000000000000e+05
1.555600000000000000e+05
1.555660000000000000e+05
1.555710000000000000e+05
1.555760000000000000e+05
1.781380000000000000e+05
1.781430000000000000e+05
1.781480000000000000e+05
1.783480000000000000e+05
1.783530000000000000e+05
1.783570000000000000e+05
1.784210000000000000e+05
1.784220000000000000e+05
1.779420000000000000e+05
1.547150000000000000e+05
1.547200000000000000e+05
1.547250000000000000e+05
1.549010000000000000e+05
1.549060000000000000e+05
1.549100000000000000e+05
1.549160000000000000e+05
1.552510000000000000e+05
1.552550000000000000e+05
1.552600000000000000e+05
1.552650000000000000e+05
1.552690000000000000e+05
1.552740000000000000e+05
1.553980000000000000e+05
1.554020000000000000e+05
1.554070000000000000e+05
1.554110000000000000e+05
1.554160000000000000e+05
1.554210000000000000e+05
1.554280000000000000e+05
1.557850000000000000e+05
1.557880000000000000e+05
1.557900000000000000e+05
1.557910000000000000e+05
1.819880000000000000e+05
1.550830000000000000e+05
1.550880000000000000e+05
1.555450000000000000e+05
1.555550000000000000e+05
1.783470000000000000e+05
1.784200000000000000e+05
1.552500000000000000e+05
1.552590000000000000e+05
1.554060000000000000e+05
1.554150000000000000e+05
1.557870000000000000e+05
1.819870000000000000e+05
1.555440000000000000e+05
1.555500000000000000e+05
1.557840000000000000e+05
1.557860000000000000e+05
1.819860000000000000e+05
